 249 
  8.3646	 1.000000
 366381.5200	 4304526.1700	  15.4722
  9.3646	 1.000000
 366381.5200	 4304526.1700	  14.9500
 10.3646	 1.000000
 366381.5200	 4304526.1700	  14.9611
 11.3646	 1.000000
 366381.5200	 4304526.1700	  14.0000
 12.3646	 1.000000
 366381.5200	 4304526.1700	  13.3389
 13.3646	 1.000000
 366381.5200	 4304526.1700	  13.8500
 14.3646	 1.000000
 366381.5200	 4304526.1700	  14.6778
 15.3646	 1.000000
 366381.5200	 4304526.1700	  16.3722
 16.3646	 1.000000
 366381.5200	 4304526.1700	  17.3389
 17.3646	 1.000000
 366381.5200	 4304526.1700	  17.2278
 18.3646	 1.000000
 366381.5200	 4304526.1700	  16.3389
 19.3646	 1.000000
 366381.5200	 4304526.1700	  15.4778
 20.3646	 1.000000
 366381.5200	 4304526.1700	  14.9222
 21.3646	 1.000000
 366381.5200	 4304526.1700	  13.8889
 22.3646	 1.000000
 366381.5200	 4304526.1700	  13.6111
 23.3646	 1.000000
 366381.5200	 4304526.1700	  15.1111
 24.3646	 1.000000
 366381.5200	 4304526.1700	  14.1222
 25.3646	 1.000000
 366381.5200	 4304526.1700	  14.5889
 26.3646	 1.000000
 366381.5200	 4304526.1700	  14.9278
 27.3646	 1.000000
 366381.5200	 4304526.1700	  14.9278
 28.3646	 1.000000
 366381.5200	 4304526.1700	  15.7111
 29.3646	 1.000000
 366381.5200	 4304526.1700	  14.6500
 30.3646	 1.000000
 366381.5200	 4304526.1700	  15.2278
 31.3646	 1.000000
 366381.5200	 4304526.1700	  15.3222
 32.3646	 1.000000
 366381.5200	 4304526.1700	  15.9389
 33.3646	 1.000000
 366381.5200	 4304526.1700	  14.3278
 34.3646	 1.000000
 366381.5200	 4304526.1700	  15.1500
 35.3646	 1.000000
 366381.5200	 4304526.1700	  15.9722
 36.3646	 1.000000
 366381.5200	 4304526.1700	  17.8722
 37.3646	 1.000000
 366381.5200	 4304526.1700	  18.6222
 38.3646	 1.000000
 366381.5200	 4304526.1700	  19.7611
 39.3646	 1.000000
 366381.5200	 4304526.1700	  19.3278
 40.3646	 1.000000
 366381.5200	 4304526.1700	  17.7278
 41.3646	 1.000000
 366381.5200	 4304526.1700	  19.5222
 42.3646	 1.000000
 366381.5200	 4304526.1700	  18.9722
 43.3646	 1.000000
 366381.5200	 4304526.1700	  18.4278
 44.3646	 1.000000
 366381.5200	 4304526.1700	  19.4722
 45.3646	 1.000000
 366381.5200	 4304526.1700	  20.4889
 46.3646	 1.000000
 366381.5200	 4304526.1700	  19.2389
 47.3646	 1.000000
 366381.5200	 4304526.1700	  17.6722
 48.3646	 1.000000
 366381.5200	 4304526.1700	  18.7000
 49.3646	 1.000000
 366381.5200	 4304526.1700	  19.1389
 50.3646	 1.000000
 366381.5200	 4304526.1700	  19.1389
 51.3646	 1.000000
 366381.5200	 4304526.1700	  18.2500
 52.3646	 1.000000
 366381.5200	 4304526.1700	  17.8222
 53.3646	 1.000000
 366381.5200	 4304526.1700	  18.6278
 54.3646	 1.000000
 366381.5200	 4304526.1700	  19.2500
 55.3646	 1.000000
 366381.5200	 4304526.1700	  18.6889
 56.3646	 1.000000
 366381.5200	 4304526.1700	  19.4389
 57.3646	 1.000000
 366381.5200	 4304526.1700	  20.5222
 58.3646	 1.000000
 366381.5200	 4304526.1700	  21.5778
 59.3646	 1.000000
 366381.5200	 4304526.1700	  22.0611
 60.3646	 1.000000
 366381.5200	 4304526.1700	  20.9000
 61.3646	 1.000000
 366381.5200	 4304526.1700	  20.6111
 62.3646	 1.000000
 366381.5200	 4304526.1700	  21.5111
 63.3646	 1.000000
 366381.5200	 4304526.1700	  24.1500
 64.3646	 1.000000
 366381.5200	 4304526.1700	  24.9611
 65.3646	 1.000000
 366381.5200	 4304526.1700	  25.3500
 66.3646	 1.000000
 366381.5200	 4304526.1700	  27.1222
 67.3646	 1.000000
 366381.5200	 4304526.1700	  27.8778
 68.3646	 1.000000
 366381.5200	 4304526.1700	  27.6000
 69.3646	 1.000000
 366381.5200	 4304526.1700	  27.7389
 70.3646	 1.000000
 366381.5200	 4304526.1700	  27.9500
 71.3646	 1.000000
 366381.5200	 4304526.1700	  28.1278
 72.3646	 1.000000
 366381.5200	 4304526.1700	  28.3222
 73.3646	 1.000000
 366381.5200	 4304526.1700	  27.1111
 74.3646	 1.000000
 366381.5200	 4304526.1700	  25.5278
 75.3646	 1.000000
 366381.5200	 4304526.1700	  25.1389
 76.3646	 1.000000
 366381.5200	 4304526.1700	  25.1722
 77.3646	 1.000000
 366381.5200	 4304526.1700	  24.0722
 78.3646	 1.000000
 366381.5200	 4304526.1700	  24.1722
 79.3646	 1.000000
 366381.5200	 4304526.1700	  24.9389
 80.3646	 1.000000
 366381.5200	 4304526.1700	  24.4500
 81.3646	 1.000000
 366381.5200	 4304526.1700	  25.5778
 82.3646	 1.000000
 366381.5200	 4304526.1700	  25.8889
 83.3646	 1.000000
 366381.5200	 4304526.1700	  26.6222
 84.3646	 1.000000
 366381.5200	 4304526.1700	  27.6778
 85.3646	 1.000000
 366381.5200	 4304526.1700	  27.4889
 86.3646	 1.000000
 366381.5200	 4304526.1700	  27.6722
 87.3646	 1.000000
 366381.5200	 4304526.1700	  27.2278
 88.3646	 1.000000
 366381.5200	 4304526.1700	  28.2778
 89.3646	 1.000000
 366381.5200	 4304526.1700	  28.7222
 90.3646	 1.000000
 366381.5200	 4304526.1700	  28.3222
 91.3646	 1.000000
 366381.5200	 4304526.1700	  27.6500
 92.3646	 1.000000
 366381.5200	 4304526.1700	  28.4278
 93.3646	 1.000000
 366381.5200	 4304526.1700	  27.6389
 94.3646	 1.000000
 366381.5200	 4304526.1700	  27.8722
 95.3646	 1.000000
 366381.5200	 4304526.1700	  26.2278
 96.3646	 1.000000
 366381.5200	 4304526.1700	  25.7222
 97.3646	 1.000000
 366381.5200	 4304526.1700	  26.7222
 98.3646	 1.000000
 366381.5200	 4304526.1700	  27.3778
 99.3646	 1.000000
 366381.5200	 4304526.1700	  28.1111
100.3646	 1.000000
 366381.5200	 4304526.1700	  29.0111
101.3646	 1.000000
 366381.5200	 4304526.1700	  28.7500
102.3646	 1.000000
 366381.5200	 4304526.1700	  28.9722
103.3646	 1.000000
 366381.5200	 4304526.1700	  29.3278
104.3646	 1.000000
 366381.5200	 4304526.1700	  29.2000
105.3646	 1.000000
 366381.5200	 4304526.1700	  29.9278
106.3646	 1.000000
 366381.5200	 4304526.1700	  29.9222
107.3646	 1.000000
 366381.5200	 4304526.1700	  30.0000
108.3646	 1.000000
 366381.5200	 4304526.1700	  29.7500
109.3646	 1.000000
 366381.5200	 4304526.1700	  30.1500
110.3646	 1.000000
 366381.5200	 4304526.1700	  30.4389
111.3646	 1.000000
 366381.5200	 4304526.1700	  29.7778
112.3646	 1.000000
 366381.5200	 4304526.1700	  29.2278
113.3646	 1.000000
 366381.5200	 4304526.1700	  30.0000
114.3646	 1.000000
 366381.5200	 4304526.1700	  30.9611
115.3646	 1.000000
 366381.5200	 4304526.1700	  29.8611
116.3646	 1.000000
 366381.5200	 4304526.1700	  29.4778
117.3646	 1.000000
 366381.5200	 4304526.1700	  28.6500
118.3646	 1.000000
 366381.5200	 4304526.1700	  28.4778
119.3646	 1.000000
 366381.5200	 4304526.1700	  28.3500
120.3646	 1.000000
 366381.5200	 4304526.1700	  28.8222
121.3646	 1.000000
 366381.5200	 4304526.1700	  29.0722
122.3646	 1.000000
 366381.5200	 4304526.1700	  30.1500
123.3646	 1.000000
 366381.5200	 4304526.1700	  30.3000
124.3646	 1.000000
 366381.5200	 4304526.1700	  30.0389
125.3646	 1.000000
 366381.5200	 4304526.1700	  30.1389
126.3646	 1.000000
 366381.5200	 4304526.1700	  29.7778
127.3646	 1.000000
 366381.5200	 4304526.1700	  29.5611
128.3646	 1.000000
 366381.5200	 4304526.1700	  28.2889
129.3646	 1.000000
 366381.5200	 4304526.1700	  28.4778
130.3646	 1.000000
 366381.5200	 4304526.1700	  29.6611
131.3646	 1.000000
 366381.5200	 4304526.1700	  30.2500
132.3646	 1.000000
 366381.5200	 4304526.1700	  30.7722
133.3646	 1.000000
 366381.5200	 4304526.1700	  31.2611
134.3646	 1.000000
 366381.5200	 4304526.1700	  30.2500
135.3646	 1.000000
 366381.5200	 4304526.1700	  28.5389
136.3646	 1.000000
 366381.5200	 4304526.1700	  28.8500
137.3646	 1.000000
 366381.5200	 4304526.1700	  29.0889
138.3646	 1.000000
 366381.5200	 4304526.1700	  27.8278
139.3646	 1.000000
 366381.5200	 4304526.1700	  28.4500
140.3646	 1.000000
 366381.5200	 4304526.1700	  28.3389
141.3646	 1.000000
 366381.5200	 4304526.1700	  28.0222
142.3646	 1.000000
 366381.5200	 4304526.1700	  27.7000
143.3646	 1.000000
 366381.5200	 4304526.1700	  27.2000
144.3646	 1.000000
 366381.5200	 4304526.1700	  27.2722
145.3646	 1.000000
 366381.5200	 4304526.1700	  26.7278
146.3646	 1.000000
 366381.5200	 4304526.1700	  25.9611
147.3646	 1.000000
 366381.5200	 4304526.1700	  26.7889
148.3646	 1.000000
 366381.5200	 4304526.1700	  28.0889
149.3646	 1.000000
 366381.5200	 4304526.1700	  27.6500
150.3646	 1.000000
 366381.5200	 4304526.1700	  26.6611
151.3646	 1.000000
 366381.5200	 4304526.1700	  26.6722
152.3646	 1.000000
 366381.5200	 4304526.1700	  26.6389
153.3646	 1.000000
 366381.5200	 4304526.1700	  26.1000
154.3646	 1.000000
 366381.5200	 4304526.1700	  25.9722
155.3646	 1.000000
 366381.5200	 4304526.1700	  25.6278
156.3646	 1.000000
 366381.5200	 4304526.1700	  25.3889
157.3646	 1.000000
 366381.5200	 4304526.1700	  25.2222
158.3646	 1.000000
 366381.5200	 4304526.1700	  25.6389
159.3646	 1.000000
 366381.5200	 4304526.1700	  25.8389
160.3646	 1.000000
 366381.5200	 4304526.1700	  25.9778
161.3646	 1.000000
 366381.5200	 4304526.1700	  25.9889
162.3646	 1.000000
 366381.5200	 4304526.1700	  26.1778
163.3646	 1.000000
 366381.5200	 4304526.1700	  26.8778
164.3646	 1.000000
 366381.5200	 4304526.1700	  27.4000
165.3646	 1.000000
 366381.5200	 4304526.1700	  28.1222
166.3646	 1.000000
 366381.5200	 4304526.1700	  28.1389
167.3646	 1.000000
 366381.5200	 4304526.1700	  27.5389
168.3646	 1.000000
 366381.5200	 4304526.1700	  27.0000
169.3646	 1.000000
 366381.5200	 4304526.1700	  27.0222
170.3646	 1.000000
 366381.5200	 4304526.1700	  26.4389
171.3646	 1.000000
 366381.5200	 4304526.1700	  25.7000
172.3646	 1.000000
 366381.5200	 4304526.1700	  25.8722
173.3646	 1.000000
 366381.5200	 4304526.1700	  25.5278
174.3646	 1.000000
 366381.5200	 4304526.1700	  24.1278
175.3646	 1.000000
 366381.5200	 4304526.1700	  23.5778
176.3646	 1.000000
 366381.5200	 4304526.1700	  23.6278
177.3646	 1.000000
 366381.5200	 4304526.1700	  22.9500
178.3646	 1.000000
 366381.5200	 4304526.1700	  22.8722
179.3646	 1.000000
 366381.5200	 4304526.1700	  20.7778
180.3646	 1.000000
 366381.5200	 4304526.1700	  20.4278
181.3646	 1.000000
 366381.5200	 4304526.1700	  20.8222
182.3646	 1.000000
 366381.5200	 4304526.1700	  21.2000
183.3646	 1.000000
 366381.5200	 4304526.1700	  22.4000
184.3646	 1.000000
 366381.5200	 4304526.1700	  21.9111
185.3646	 1.000000
 366381.5200	 4304526.1700	  22.5389
186.3646	 1.000000
 366381.5200	 4304526.1700	  23.3611
187.3646	 1.000000
 366381.5200	 4304526.1700	  23.2111
188.3646	 1.000000
 366381.5200	 4304526.1700	  22.1111
189.3646	 1.000000
 366381.5200	 4304526.1700	  21.0000
190.3646	 1.000000
 366381.5200	 4304526.1700	  20.6222
191.3646	 1.000000
 366381.5200	 4304526.1700	  20.1000
192.3646	 1.000000
 366381.5200	 4304526.1700	  19.0389
193.3646	 1.000000
 366381.5200	 4304526.1700	  18.6000
194.3646	 1.000000
 366381.5200	 4304526.1700	  18.8222
195.3646	 1.000000
 366381.5200	 4304526.1700	  18.4111
196.3646	 1.000000
 366381.5200	 4304526.1700	  17.4278
197.3646	 1.000000
 366381.5200	 4304526.1700	  17.1389
198.3646	 1.000000
 366381.5200	 4304526.1700	  17.1000
199.3646	 1.000000
 366381.5200	 4304526.1700	  17.8722
200.3646	 1.000000
 366381.5200	 4304526.1700	  17.2778
201.3646	 1.000000
 366381.5200	 4304526.1700	  16.1278
202.3646	 1.000000
 366381.5200	 4304526.1700	  15.5778
203.3646	 1.000000
 366381.5200	 4304526.1700	  15.3222
204.3646	 1.000000
 366381.5200	 4304526.1700	  14.3722
221.3958	 1.000000
 366381.5200	 4304526.1700	  12.5889
222.3958	 1.000000
 366381.5200	 4304526.1700	  11.9389
223.3958	 1.000000
 366381.5200	 4304526.1700	  11.6722
224.3958	 1.000000
 366381.5200	 4304526.1700	  12.5778
225.3958	 1.000000
 366381.5200	 4304526.1700	  13.2000
226.3958	 1.000000
 366381.5200	 4304526.1700	  14.2222
227.3958	 1.000000
 366381.5200	 4304526.1700	  13.5889
228.3958	 1.000000
 366381.5200	 4304526.1700	  10.7278
229.3958	 1.000000
 366381.5200	 4304526.1700	   9.6889
230.3958	 1.000000
 366381.5200	 4304526.1700	   9.4722
231.3958	 1.000000
 366381.5200	 4304526.1700	   9.8722
232.3958	 1.000000
 366381.5200	 4304526.1700	   9.4389
233.3958	 1.000000
 366381.5200	 4304526.1700	   7.9500
234.3958	 1.000000
 366381.5200	 4304526.1700	   7.1222
235.3958	 1.000000
 366381.5200	 4304526.1700	   5.3722
236.3958	 1.000000
 366381.5200	 4304526.1700	   4.9111
237.3958	 1.000000
 366381.5200	 4304526.1700	   5.2778
238.3958	 1.000000
 366381.5200	 4304526.1700	   6.1389
239.3958	 1.000000
 366381.5200	 4304526.1700	   8.2000
240.3958	 1.000000
 366381.5200	 4304526.1700	   9.3222
241.3958	 1.000000
 366381.5200	 4304526.1700	   8.8222
242.3958	 1.000000
 366381.5200	 4304526.1700	   8.1000
243.3958	 1.000000
 366381.5200	 4304526.1700	   6.1889
244.3958	 1.000000
 366381.5200	 4304526.1700	   5.7000
245.3958	 1.000000
 366381.5200	 4304526.1700	   6.2889
246.3958	 1.000000
 366381.5200	 4304526.1700	   5.3722
247.3958	 1.000000
 366381.5200	 4304526.1700	   4.5278
248.3958	 1.000000
 366381.5200	 4304526.1700	   4.8222
249.3958	 1.000000
 366381.5200	 4304526.1700	   3.0000
250.3958	 1.000000
 366381.5200	 4304526.1700	   2.6278
251.3958	 1.000000
 366381.5200	 4304526.1700	   2.8500
252.3958	 1.000000
 366381.5200	 4304526.1700	   3.4000
253.3958	 1.000000
 366381.5200	 4304526.1700	   4.1222
254.3958	 1.000000
 366381.5200	 4304526.1700	   1.7111
255.3958	 1.000000
 366381.5200	 4304526.1700	   1.1389
256.3958	 1.000000
 366381.5200	 4304526.1700	   2.4778
257.3958	 1.000000
 366381.5200	 4304526.1700	   2.5278
258.3958	 1.000000
 366381.5200	 4304526.1700	   3.4778
259.3958	 1.000000
 366381.5200	 4304526.1700	   4.0500
260.3958	 1.000000
 366381.5200	 4304526.1700	   3.5611
261.3958	 1.000000
 366381.5200	 4304526.1700	   2.6611
262.3958	 1.000000
 366381.5200	 4304526.1700	   2.5389
263.3958	 1.000000
 366381.5200	 4304526.1700	   2.7111
264.3958	 1.000000
 366381.5200	 4304526.1700	   3.2778
265.3958	 1.000000
 366381.5200	 4304526.1700	   3.7000
266.3958	 1.000000
 366381.5200	 4304526.1700	   4.4111
267.3958	 1.000000
 366381.5200	 4304526.1700	   4.2222
268.3958	 1.000000
 366381.5200	 4304526.1700	   4.4889
269.3958	 1.000000
 366381.5200	 4304526.1700	   4.7222
270.3958	 1.000000
 366381.5200	 4304526.1700	   4.8611
271.3958	 1.000000
 366381.5200	 4304526.1700	   5.1611
272.3958	 1.000000
 366381.5200	 4304526.1700	   5.2889
