node  specified
8
  7706  !ws108
  8138  !ws121
  8130  !RHD01
  7065  !RHD05
  6768  !RHD07	
  6664  !RHD08
  5948  !RHD09
  3656  !RHD10
       17
              0.00000000                                                                              
     11.68000000     11.68000000     11.68000000     11.68000000     11.68000000     11.68000000     11.68000000     11.68000000
      0.00000000      0.00000000      0.00000000      0.00000000      0.00000000      0.00000000      0.00000000      0.00000000
     13.50827586     13.50827586     13.50827586     13.50827586     13.50827586     13.50827586     13.50827586     13.50827586
      0.09000000      0.09000000      0.09000000      0.09000000      0.09000000      0.09000000      0.09000000      0.09000000
      0.09000000      0.09000000      0.09000000      0.09000000      0.09000000      0.09000000      0.09000000      0.09000000
      0.00000000      0.00000000      0.00000000      0.00000000      0.00000000      0.00000000      0.00000000      0.00000000
      0.00000000      0.00000000      0.00000000      0.00000000      0.00000000      0.00000000      0.00000000      0.00000000
      0.00000000      0.00000000      0.00000000      0.00000000      0.00000000      0.00000000      0.00000000      0.00000000
      0.07403499      0.16595246      0.17802243      0.04277687      0.17059475      0.10684055      0.04401481      0.07310653
      0.44306845      0.35115099      0.33908102      0.47432658      0.34650869      0.41026289      0.47308864      0.44399691
      0.11034483      0.11034483      0.11034483      0.11034483      0.11034483      0.11034483      0.11034483      0.11034483
      0.44137931      0.44137931      0.44137931      0.44137931      0.44137931      0.44137931      0.44137931      0.44137931
      0.05600000      0.05600000      0.06500000      0.06500000      0.06500000      0.06500000      0.06500000      0.06500000
      0.73300000      0.73300000      0.67000000      0.67000000      0.67000000      0.67000000      0.67000000      0.67000000
      0.00000000      0.00000000      0.00000000      0.00000000      0.00000000      0.00000000      0.00000000      0.00000000
      0.00683631      0.01377474      0.01458301      0.00410704      0.01408814      0.00948484      0.00421925      0.00675825
      0.04091245      0.02914698      0.02777640      0.04554046      0.02861555      0.03642135      0.04535018      0.04104481
      0.01018912      0.00915908      0.00903908      0.01059429      0.00911255      0.00979593      0.01057763      0.01020071
      0.04075648      0.03663630      0.03615633      0.04237717      0.03645020      0.03918373      0.04231053      0.04080283
      0.13500000      0.13500000      0.11250000      0.11250000      0.11250000      0.11250000      0.11250000      0.11250000
      0.00123687      0.00277249      0.00297414      0.00071465      0.00285004      0.00178493      0.00073533      0.00122136
      0.00740213      0.00586651      0.00566486      0.00792435      0.00578896      0.00685407      0.00790367      0.00741764
      0.00460000      0.00460000      0.00460000      0.00460000      0.00460000      0.00460000      0.00460000      0.00460000
      0.01840000      0.01840000      0.01840000      0.01840000      0.01840000      0.01840000      0.01840000      0.01840000
      0.12800000      0.12800000      0.10450000      0.10450000      0.10450000      0.10450000      0.10450000      0.10450000
      0.00000000      0.00000000      0.00000000      0.00000000      0.00000000      0.00000000      0.00000000      0.00000000
      9.85000000      9.85000000      9.85000000      9.85000000      9.85000000      9.85000000      9.85000000      9.85000000
      0.00000000      0.00000000      0.00000000      0.00000000      0.00000000      0.00000000      0.00000000      0.00000000
      1.41928571      1.41928571      1.41928571      1.41928571      1.41928571      1.41928571      1.41928571      1.41928571
      0.00000000      0.00000000      0.00000000      0.00000000      0.00000000      0.00000000      0.00000000      0.00000000
      0.00000000      0.00000000      0.00000000      0.00000000      0.00000000      0.00000000      0.00000000      0.00000000
      0.00000000      0.00000000      0.00000000      0.00000000      0.00000000      0.00000000      0.00000000      0.00000000
      0.11405023      0.25564823      0.27424191      0.06589737      0.26279965      0.16458689      0.06780441      0.11261994
      0.68254288      0.54094487      0.52235119      0.73069574      0.53379345      0.63200621      0.72878869      0.68397316
      0.26611719      0.59651255      0.63989780      0.15376053      0.61319918      0.38403607      0.15821029      0.26277987
      1.59260005      1.26220469      1.21881944      1.70495672      1.24551806      1.47468117      1.70050695      1.59593737
      0.01053127      0.02121986      0.02246499      0.00632686      0.02170265      0.01461131      0.00649972      0.01041103
      0.06302525      0.04490065      0.04278928      0.07015466      0.04408199      0.05610675      0.06986154      0.06322915
      0.02457297      0.04951300      0.05241831      0.01476267      0.05063951      0.03409305      0.01516601      0.02429240
      0.14705892      0.10476819      0.09984166      0.16369421      0.10285797      0.13091575      0.16301026      0.14753468
      0.00190538      0.00427099      0.00458163      0.00110092      0.00439047      0.00274967      0.00113278      0.00188149
      0.01140292      0.00903731      0.00872667      0.01220738      0.00891783      0.01055863      0.01217552      0.01142681
      0.00444589      0.00996565      0.01069047      0.00256880      0.01024443      0.00641591      0.00264314      0.00439014
      0.02660681      0.02108705      0.02036223      0.02848390      0.02080827      0.02463679      0.02840956      0.02666256
                 336.00000000                                                                              
     15.48000000     15.48000000     15.48000000     15.48000000     15.48000000     15.48000000     15.48000000     15.48000000
      0.00000000      0.00000000      0.00000000      0.00000000      0.00000000      0.00000000      0.00000000      0.00000000
     11.91504741     11.91504741     11.91504741     11.91504741     11.91504741     11.91504741     11.91504741     11.91504741
      0.55006250      0.55006250      0.55006250      0.55006250      0.55006250      0.55006250      0.55006250      0.55006250
      0.55006250      0.55006250      0.55006250      0.55006250      0.55006250      0.55006250      0.55006250      0.55006250
      0.00000000      0.00000000      0.00000000      0.00000000      0.00000000      0.00000000      0.00000000      0.00000000
      0.00000000      0.00000000      0.00000000      0.00000000      0.00000000      0.00000000      0.00000000      0.00000000
      0.00000000      0.00000000      0.00000000      0.00000000      0.00000000      0.00000000      0.00000000      0.00000000
      0.09093429      0.20383291      0.21865798      0.05254115      0.20953486      0.13122807      0.05406167      0.08979390
      0.54420365      0.43130502      0.41647995      0.58259678      0.42560307      0.50390986      0.58107626      0.54534404
      0.06896552      0.06896552      0.06896552      0.06896552      0.06896552      0.06896552      0.06896552      0.06896552
      0.27586207      0.27586207      0.27586207      0.27586207      0.27586207      0.27586207      0.27586207      0.27586207
      0.03800000      0.03800000      0.04400000      0.04400000      0.04400000      0.04400000      0.04400000      0.04400000
      0.55500000      0.55500000      0.47200000      0.47200000      0.47200000      0.47200000      0.47200000      0.47200000
      0.00000000      0.00000000      0.00000000      0.00000000      0.00000000      0.00000000      0.00000000      0.00000000
      0.00839677      0.01691897      0.01791174      0.00504452      0.01730391      0.01164986      0.00518234      0.00830090
      0.05025116      0.03580009      0.03411666      0.05593557      0.03514736      0.04473492      0.05570186      0.05041373
      0.00636820      0.00572442      0.00564943      0.00662143      0.00569534      0.00612246      0.00661102      0.00637544
      0.02547280      0.02289769      0.02259771      0.02648573      0.02278137      0.02448983      0.02644408      0.02550177
      0.25100000      0.25100000      0.18000000      0.18000000      0.18000000      0.18000000      0.18000000      0.18000000
      0.00028005      0.00062773      0.00067339      0.00016181      0.00064529      0.00040414      0.00016649      0.00027653
      0.00167595      0.00132827      0.00128261      0.00179419      0.00131071      0.00155186      0.00178951      0.00167947
      0.00920000      0.00920000      0.00920000      0.00920000      0.00920000      0.00920000      0.00920000      0.00920000
      0.03680000      0.03680000      0.03680000      0.03680000      0.03680000      0.03680000      0.03680000      0.03680000
      0.24200000      0.24200000      0.16600000      0.16600000      0.16600000      0.16600000      0.16600000      0.16600000
      0.00000000      0.00000000      0.00000000      0.00000000      0.00000000      0.00000000      0.00000000      0.00000000
     10.16000000     10.16000000     10.16000000     10.16000000     10.16000000     10.16000000     10.16000000     10.16000000
      0.00000000      0.00000000      0.00000000      0.00000000      0.00000000      0.00000000      0.00000000      0.00000000
      1.75357143      1.75357143      1.75357143      1.75357143      1.75357143      1.75357143      1.75357143      1.75357143
      0.00000000      0.00000000      0.00000000      0.00000000      0.00000000      0.00000000      0.00000000      0.00000000
      0.00000000      0.00000000      0.00000000      0.00000000      0.00000000      0.00000000      0.00000000      0.00000000
      0.00000000      0.00000000      0.00000000      0.00000000      0.00000000      0.00000000      0.00000000      0.00000000
      0.14008343      0.31400272      0.33684061      0.08093916      0.32278653      0.20215564      0.08328151      0.13832667
      0.83834071      0.66442141      0.64158353      0.89748498      0.65563761      0.77626850      0.89514263      0.84009747
      0.32686134      0.73267302      0.78596142      0.18885804      0.75316856      0.47169648      0.19432351      0.32276223
      1.95612832      1.55031663      1.49702823      2.09413162      1.52982109      1.81129317      2.08866614      1.96022743
      0.01293515      0.02606352      0.02759287      0.00777103      0.02665651      0.01794649      0.00798335      0.01278746
      0.07741145      0.05514972      0.05255640      0.08616822      0.05414418      0.06891373      0.08580820      0.07766189
      0.03018201      0.06081488      0.06438336      0.01813241      0.06219853      0.04187515      0.01862781      0.02983740
      0.18062672      0.12868267      0.12263161      0.20105919      0.12633642      0.16079870      0.20021913      0.18121107
      0.00043141      0.00096702      0.00103735      0.00024926      0.00099407      0.00062257      0.00025648      0.00042600
      0.00258179      0.00204618      0.00197585      0.00276394      0.00201913      0.00239063      0.00275672      0.00258720
      0.00100662      0.00225637      0.00242048      0.00058162      0.00231949      0.00145266      0.00059845      0.00099399
      0.00602418      0.00477443      0.00461032      0.00644918      0.00471131      0.00557814      0.00643235      0.00603681
                 672.00000000                                                                              
     18.46000000     18.46000000     18.46000000     18.46000000     18.46000000     18.46000000     18.46000000     18.46000000
      0.00000000      0.00000000      0.00000000      0.00000000      0.00000000      0.00000000      0.00000000      0.00000000
     10.65541379     10.65541379     10.65541379     10.65541379     10.65541379     10.65541379     10.65541379     10.65541379
      0.49850000      0.49850000      0.49850000      0.49850000      0.49850000      0.49850000      0.49850000      0.49850000
      0.49850000      0.49850000      0.49850000      0.49850000      0.49850000      0.49850000      0.49850000      0.49850000
      0.00000000      0.00000000      0.00000000      0.00000000      0.00000000      0.00000000      0.00000000      0.00000000
      0.00000000      0.00000000      0.00000000      0.00000000      0.00000000      0.00000000      0.00000000      0.00000000
      0.00000000      0.00000000      0.00000000      0.00000000      0.00000000      0.00000000      0.00000000      0.00000000
      0.13197542      0.29582830      0.31734433      0.07625441      0.30410369      0.19045490      0.07846119      0.13032034
      0.78981768      0.62596481      0.60444877      0.84553869      0.61768941      0.73133820      0.84333192      0.79147276
      0.16551724      0.16551724      0.16551724      0.16551724      0.16551724      0.16551724      0.16551724      0.16551724
      0.66206897      0.66206897      0.66206897      0.66206897      0.66206897      0.66206897      0.66206897      0.66206897
      0.04800000      0.04800000      0.06250000      0.06250000      0.06250000      0.06250000      0.06250000      0.06250000
      0.48600000      0.48600000      0.42750000      0.42750000      0.42750000      0.42750000      0.42750000      0.42750000
      0.00000000      0.00000000      0.00000000      0.00000000      0.00000000      0.00000000      0.00000000      0.00000000
      0.01218646      0.02455497      0.02599580      0.00732124      0.02511364      0.01690775      0.00752127      0.01204732
      0.07293089      0.05195766      0.04951445      0.08118082      0.05101032      0.06492501      0.08084163      0.07316683
      0.01528368      0.01373861      0.01355863      0.01589144      0.01366882      0.01469390      0.01586645      0.01530106
      0.06113471      0.05495445      0.05423450      0.06356575      0.05467530      0.05877559      0.06346580      0.06120424
      0.09500000      0.09500000      0.11400000      0.11400000      0.11400000      0.11400000      0.11400000      0.11400000
      0.00021003      0.00047080      0.00050504      0.00012136      0.00048397      0.00030310      0.00012487      0.00020740
      0.00125697      0.00099620      0.00096196      0.00134564      0.00098303      0.00116390      0.00134213      0.00125960
      0.00620000      0.00620000      0.00620000      0.00620000      0.00620000      0.00620000      0.00620000      0.00620000
      0.02480000      0.02480000      0.02480000      0.02480000      0.02480000      0.02480000      0.02480000      0.02480000
      0.08700000      0.08700000      0.10150000      0.10150000      0.10150000      0.10150000      0.10150000      0.10150000
      0.00000000      0.00000000      0.00000000      0.00000000      0.00000000      0.00000000      0.00000000      0.00000000
      8.14000000      8.14000000      8.14000000      8.14000000      8.14000000      8.14000000      8.14000000      8.14000000
      0.00000000      0.00000000      0.00000000      0.00000000      0.00000000      0.00000000      0.00000000      0.00000000
      1.67714286      1.67714286      1.67714286      1.67714286      1.67714286      1.67714286      1.67714286      1.67714286
      0.00000000      0.00000000      0.00000000      0.00000000      0.00000000      0.00000000      0.00000000      0.00000000
      0.00000000      0.00000000      0.00000000      0.00000000      0.00000000      0.00000000      0.00000000      0.00000000
      0.00000000      0.00000000      0.00000000      0.00000000      0.00000000      0.00000000      0.00000000      0.00000000
      0.20330692      0.45572077      0.48886602      0.11746922      0.46846894      0.29339402      0.12086873      0.20075729
      1.21670687      0.96429303      0.93114777      1.30254457      0.95154485      1.12661977      1.29914506      1.21925650
      0.47438282      1.06334846      1.14068738      0.27409485      1.09309419      0.68458605      0.28202705      0.46843368
      2.83898269      2.25001706      2.17267814      3.03927067      2.22027132      2.62877947      3.03133847      2.84493184
      0.01877314      0.03782670      0.04004629      0.01127831      0.03868733      0.02604624      0.01158645      0.01855879
      0.11234936      0.08004030      0.07627655      0.12505831      0.07858093      0.10001638      0.12453579      0.11271283
      0.04380398      0.08826230      0.09344134      0.02631606      0.09027043      0.06077456      0.02703506      0.04330384
      0.26214851      0.18676069      0.17797861      0.29180272      0.18335551      0.23337156      0.29058351      0.26299660
      0.00032356      0.00072526      0.00077801      0.00018695      0.00074555      0.00046693      0.00019236      0.00031950
      0.00193634      0.00153464      0.00148189      0.00207295      0.00151435      0.00179297      0.00206754      0.00194040
      0.00075496      0.00169228      0.00181536      0.00043621      0.00173962      0.00108949      0.00044884      0.00074550
      0.00451814      0.00358082      0.00345774      0.00483689      0.00353348      0.00418361      0.00482426      0.00452760
                1008.00000000                                                                              
     20.90000000     20.90000000     20.90000000     20.90000000     20.90000000     20.90000000     20.90000000     20.90000000
      0.00000000      0.00000000      0.00000000      0.00000000      0.00000000      0.00000000      0.00000000      0.00000000
     13.28155172     13.28155172     13.28155172     13.28155172     13.28155172     13.28155172     13.28155172     13.28155172
      1.50750000      1.50750000      1.50750000      1.50750000      1.50750000      1.50750000      1.50750000      1.50750000
      1.50750000      1.50750000      1.50750000      1.50750000      1.50750000      1.50750000      1.50750000      1.50750000
      0.00000000      0.00000000      0.00000000      0.00000000      0.00000000      0.00000000      0.00000000      0.00000000
      0.00000000      0.00000000      0.00000000      0.00000000      0.00000000      0.00000000      0.00000000      0.00000000
      0.00000000      0.00000000      0.00000000      0.00000000      0.00000000      0.00000000      0.00000000      0.00000000
      0.11909977      0.26696700      0.28638391      0.06881496      0.27443504      0.17187393      0.07080644      0.11760616
      0.71276230      0.56489507      0.54547816      0.76304711      0.55742703      0.65998814      0.76105563      0.71425591
      0.42068966      0.42068966      0.42068966      0.42068966      0.42068966      0.42068966      0.42068966      0.42068966
      1.68275862      1.68275862      1.68275862      1.68275862      1.68275862      1.68275862      1.68275862      1.68275862
      0.12900000      0.12900000      0.15950000      0.15950000      0.15950000      0.15950000      0.15950000      0.15950000
      0.39800000      0.39800000      0.28750000      0.28750000      0.28750000      0.28750000      0.28750000      0.28750000
      0.00000000      0.00000000      0.00000000      0.00000000      0.00000000      0.00000000      0.00000000      0.00000000
      0.01099754      0.02215936      0.02345962      0.00660698      0.02266353      0.01525822      0.00678749      0.01087197
      0.06581568      0.04688862      0.04468377      0.07326074      0.04603371      0.05859086      0.07295464      0.06602860
      0.03884602      0.03491898      0.03446151      0.04039074      0.03474160      0.03734699      0.04032723      0.03889019
      0.15538406      0.13967590      0.13784603      0.16156295      0.13896638      0.14938796      0.16130891      0.15556077
      0.12500000      0.12500000      0.15450000      0.15450000      0.15450000      0.15450000      0.15450000      0.15450000
      0.00035006      0.00078467      0.00084174      0.00020226      0.00080662      0.00050517      0.00020811      0.00034567
      0.00209494      0.00166033      0.00160326      0.00224274      0.00163838      0.00193983      0.00223689      0.00209933
      0.00800000      0.00800000      0.00800000      0.00800000      0.00800000      0.00800000      0.00800000      0.00800000
      0.03200000      0.03200000      0.03200000      0.03200000      0.03200000      0.03200000      0.03200000      0.03200000
      0.11500000      0.11500000      0.14000000      0.14000000      0.14000000      0.14000000      0.14000000      0.14000000
      0.00000000      0.00000000      0.00000000      0.00000000      0.00000000      0.00000000      0.00000000      0.00000000
      9.76000000      9.76000000      9.76000000      9.76000000      9.76000000      9.76000000      9.76000000      9.76000000
      0.00000000      0.00000000      0.00000000      0.00000000      0.00000000      0.00000000      0.00000000      0.00000000
      2.19571429      2.19571429      2.19571429      2.19571429      2.19571429      2.19571429      2.19571429      2.19571429
      0.00000000      0.00000000      0.00000000      0.00000000      0.00000000      0.00000000      0.00000000      0.00000000
      0.00000000      0.00000000      0.00000000      0.00000000      0.00000000      0.00000000      0.00000000      0.00000000
      0.00000000      0.00000000      0.00000000      0.00000000      0.00000000      0.00000000      0.00000000      0.00000000
      0.18347210      0.41126020      0.44117177      0.10600881      0.42276465      0.26477021      0.10907666      0.18117121
      1.09800376      0.87021566      0.84030409      1.17546705      0.85871121      1.01670565      1.17239920      1.10030465
      0.42810157      0.95960714      1.02940080      0.24735389      0.98645086      0.61779716      0.25451221      0.42273283
      2.56200877      2.03050320      1.96070954      2.74275646      2.00365949      2.37231318      2.73559813      2.56737751
      0.01694161      0.03413629      0.03613933      0.01017799      0.03491295      0.02350514      0.01045607      0.01674817
      0.10138845      0.07223149      0.06883493      0.11285750      0.07091450      0.09025869      0.11238596      0.10171646
      0.03953042      0.07965135      0.08432511      0.02374864      0.08146356      0.05484533      0.02439749      0.03907907
      0.23657304      0.16854013      0.16061485      0.26333416      0.16546717      0.21060360      0.26223390      0.23733840
      0.00053926      0.00120877      0.00129669      0.00031158      0.00124259      0.00077821      0.00032060      0.00053250
      0.00322724      0.00255773      0.00246981      0.00345492      0.00252391      0.00298829      0.00344590      0.00323400
      0.00125827      0.00282047      0.00302560      0.00072702      0.00289937      0.00181582      0.00074806      0.00124249
      0.00753023      0.00596803      0.00576290      0.00806148      0.00588913      0.00697268      0.00804044      0.00754601
                1320.00000000                                                                              
     19.02000000     19.02000000     19.02000000     19.02000000     19.02000000     19.02000000     19.02000000     19.02000000
      0.00000000      0.00000000      0.00000000      0.00000000      0.00000000      0.00000000      0.00000000      0.00000000
     10.46579095     10.46579095     10.46579095     10.46579095     10.46579095     10.46579095     10.46579095     10.46579095
      0.72365625      0.72365625      0.72365625      0.72365625      0.72365625      0.72365625      0.72365625      0.72365625
      0.72365625      0.72365625      0.72365625      0.72365625      0.72365625      0.72365625      0.72365625      0.72365625
      0.00000000      0.00000000      0.00000000      0.00000000      0.00000000      0.00000000      0.00000000      0.00000000
      0.00000000      0.00000000      0.00000000      0.00000000      0.00000000      0.00000000      0.00000000      0.00000000
      0.00000000      0.00000000      0.00000000      0.00000000      0.00000000      0.00000000      0.00000000      0.00000000
      0.12473287      0.27959382      0.29992909      0.07206972      0.28741508      0.18000311      0.07415539      0.12316862
      0.74647403      0.59161308      0.57127781      0.79913718      0.58379182      0.69120379      0.79705151      0.74803828
      0.44137931      0.44137931      0.44137931      0.44137931      0.44137931      0.44137931      0.44137931      0.44137931
      1.76551724      1.76551724      1.76551724      1.76551724      1.76551724      1.76551724      1.76551724      1.76551724
      0.12900000      0.12900000      0.13400000      0.13400000      0.13400000      0.13400000      0.13400000      0.13400000
      0.51900000      0.51900000      0.46800000      0.46800000      0.46800000      0.46800000      0.46800000      0.46800000
      0.00000000      0.00000000      0.00000000      0.00000000      0.00000000      0.00000000      0.00000000      0.00000000
      0.01151769      0.02320744      0.02456920      0.00691947      0.02373545      0.01597989      0.00710852      0.01138619
      0.06892858      0.04910632      0.04679719      0.07672578      0.04821098      0.06136205      0.07640520      0.06915158
      0.04075648      0.03663630      0.03615633      0.04237717      0.03645020      0.03918373      0.04231053      0.04080283
      0.16302590      0.14654521      0.14462534      0.16950867      0.14580079      0.15673491      0.16924214      0.16321130
      0.13300000      0.13300000      0.12950000      0.12950000      0.12950000      0.12950000      0.12950000      0.12950000
      0.00011669      0.00026156      0.00028058      0.00006742      0.00026887      0.00016839      0.00006937      0.00011522
      0.00069831      0.00055344      0.00053442      0.00074758      0.00054613      0.00064661      0.00074563      0.00069978
      0.01000000      0.01000000      0.01000000      0.01000000      0.01000000      0.01000000      0.01000000      0.01000000
      0.04000000      0.04000000      0.04000000      0.04000000      0.04000000      0.04000000      0.04000000      0.04000000
      0.12100000      0.12100000      0.11800000      0.11800000      0.11800000      0.11800000      0.11800000      0.11800000
      0.00000000      0.00000000      0.00000000      0.00000000      0.00000000      0.00000000      0.00000000      0.00000000
      8.63000000      8.63000000      8.63000000      8.63000000      8.63000000      8.63000000      8.63000000      8.63000000
      0.00000000      0.00000000      0.00000000      0.00000000      0.00000000      0.00000000      0.00000000      0.00000000
      1.88142857      1.88142857      1.88142857      1.88142857      1.88142857      1.88142857      1.88142857      1.88142857
      0.00000000      0.00000000      0.00000000      0.00000000      0.00000000      0.00000000      0.00000000      0.00000000
      0.00000000      0.00000000      0.00000000      0.00000000      0.00000000      0.00000000      0.00000000      0.00000000
      0.00000000      0.00000000      0.00000000      0.00000000      0.00000000      0.00000000      0.00000000      0.00000000
      0.19214984      0.43071170      0.46203801      0.11102274      0.44276028      0.27729313      0.11423569      0.18974012
      1.14993637      0.91137451      0.88004820      1.23106347      0.89932593      1.06479308      1.22785051      1.15234609
      0.44834962      1.00499397      1.07808868      0.25905306      1.03310732      0.64701730      0.26654995      0.44272695
      2.68318486      2.12654052      2.05344580      2.87248142      2.09842716      2.48451718      2.86498453      2.68880753
      0.01774290      0.03575085      0.03784863      0.01065938      0.03656424      0.02461687      0.01095061      0.01754032
      0.10618385      0.07564784      0.07209064      0.11819535      0.07426857      0.09452768      0.11770151      0.10652737
      0.04140011      0.08341864      0.08831346      0.02487188      0.08531657      0.05743937      0.02555143      0.04092741
      0.24776231      0.17651163      0.16821150      0.27578916      0.17329332      0.22056458      0.27463686      0.24856386
      0.00017975      0.00040292      0.00043223      0.00010386      0.00041420      0.00025940      0.00010687      0.00017750
      0.00107575      0.00085258      0.00082327      0.00115164      0.00084130      0.00099610      0.00114863      0.00107800
      0.00041942      0.00094016      0.00100853      0.00024234      0.00096646      0.00060527      0.00024935      0.00041416
      0.00251008      0.00198934      0.00192097      0.00268716      0.00196304      0.00232423      0.00268015      0.00251534
                1656.00000000                                                                              
     25.48000000     25.48000000     25.48000000     25.48000000     25.48000000     25.48000000     25.48000000     25.48000000
      0.00000000      0.00000000      0.00000000      0.00000000      0.00000000      0.00000000      0.00000000      0.00000000
     47.86049784     47.86049784     47.86049784     47.86049784     47.86049784     47.86049784     47.86049784     47.86049784
      1.37940625      1.37940625      1.37940625      1.37940625      1.37940625      1.37940625      1.37940625      1.37940625
      1.37940625      1.37940625      1.37940625      1.37940625      1.37940625      1.37940625      1.37940625      1.37940625
      0.00000000      0.00000000      0.00000000      0.00000000      0.00000000      0.00000000      0.00000000      0.00000000
      0.00000000      0.00000000      0.00000000      0.00000000      0.00000000      0.00000000      0.00000000      0.00000000
      0.00000000      0.00000000      0.00000000      0.00000000      0.00000000      0.00000000      0.00000000      0.00000000
      0.11588086      0.25975167      0.27864380      0.06695509      0.26701788      0.16722869      0.06889275      0.11442762
      0.69349845      0.54962764      0.53073551      0.74242422      0.54236143      0.64215062      0.74048656      0.69495169
      0.92413793      0.92413793      0.92413793      0.92413793      0.92413793      0.92413793      0.92413793      0.92413793
      3.69655172      3.69655172      3.69655172      3.69655172      3.69655172      3.69655172      3.69655172      3.69655172
      0.11000000      0.11000000      0.11216667      0.11216667      0.11216667      0.11216667      0.11216667      0.11216667
      0.40100000      0.40100000      0.31900000      0.31900000      0.31900000      0.31900000      0.31900000      0.31900000
      0.00000000      0.00000000      0.00000000      0.00000000      0.00000000      0.00000000      0.00000000      0.00000000
      0.01070031      0.02156046      0.02282558      0.00642841      0.02205100      0.01484583      0.00660405      0.01057814
      0.06403688      0.04562136      0.04347610      0.07128072      0.04478955      0.05700733      0.07098290      0.06424405
      0.08533387      0.07670726      0.07570233      0.08872720      0.07631760      0.08204093      0.08858768      0.08543092
      0.34133548      0.30682903      0.30280930      0.35490878      0.30527041      0.32816372      0.35435073      0.34172367
      0.24600000      0.24600000      0.22700000      0.22700000      0.22700000      0.22700000      0.22700000      0.22700000
      0.00067678      0.00151702      0.00162736      0.00039104      0.00155946      0.00097666      0.00040235      0.00066829
      0.00405022      0.00320998      0.00309964      0.00433596      0.00316754      0.00375034      0.00432465      0.00405871
      0.01060000      0.01060000      0.01060000      0.01060000      0.01060000      0.01060000      0.01060000      0.01060000
      0.04240000      0.04240000      0.04240000      0.04240000      0.04240000      0.04240000      0.04240000      0.04240000
      0.23300000      0.23300000      0.21533333      0.21533333      0.21533333      0.21533333      0.21533333      0.21533333
      0.00000000      0.00000000      0.00000000      0.00000000      0.00000000      0.00000000      0.00000000      0.00000000
      8.03000000      8.03000000      8.03000000      8.03000000      8.03000000      8.03000000      8.03000000      8.03000000
      0.00000000      0.00000000      0.00000000      0.00000000      0.00000000      0.00000000      0.00000000      0.00000000
      2.09857143      2.09857143      2.09857143      2.09857143      2.09857143      2.09857143      2.09857143      2.09857143
      0.00000000      0.00000000      0.00000000      0.00000000      0.00000000      0.00000000      0.00000000      0.00000000
      0.00000000      0.00000000      0.00000000      0.00000000      0.00000000      0.00000000      0.00000000      0.00000000
      0.00000000      0.00000000      0.00000000      0.00000000      0.00000000      0.00000000      0.00000000      0.00000000
      0.17851340      0.40014506      0.42924821      0.10314371      0.41133858      0.25761426      0.10612864      0.17627469
      1.06832798      0.84669632      0.81759317      1.14369767      0.83550280      0.98922712      1.14071273      1.07056669
      0.41653126      0.93367181      1.00157916      0.24066865      0.95979002      0.60109994      0.24763350      0.41130762
      2.49276529      1.97562474      1.90771739      2.66862790      1.94950653      2.30819661      2.66166305      2.49798893
      0.01648373      0.03321369      0.03516260      0.00990291      0.03396936      0.02286987      0.01017347      0.01629552
      0.09864822      0.07027928      0.06697453      0.10980730      0.06899789      0.08781926      0.10934850      0.09896736
      0.03846203      0.07749861      0.08204606      0.02310678      0.07926184      0.05336303      0.02373810      0.03802288
      0.23017918      0.16398499      0.15627391      0.25621702      0.16099509      0.20491161      0.25514650      0.23092385
      0.00104257      0.00233696      0.00250693      0.00060239      0.00240233      0.00150454      0.00061982      0.00102949
      0.00623933      0.00494494      0.00477497      0.00667951      0.00487957      0.00577736      0.00666208      0.00625241
      0.00243266      0.00545290      0.00584950      0.00140557      0.00560544      0.00351059      0.00144625      0.00240215
      0.01455844      0.01153820      0.01114160      0.01558553      0.01138566      0.01348051      0.01554485      0.01458895
                2136.00000000                                                                              
     26.06000000     26.06000000     26.06000000     26.06000000     26.06000000     26.06000000     26.06000000     26.06000000
      0.00000000      0.00000000      0.00000000      0.00000000      0.00000000      0.00000000      0.00000000      0.00000000
     73.35446223     73.35446223     73.35446223     73.35446223     73.35446223     73.35446223     73.35446223     73.35446223
      1.93196429      1.93196429      1.93196429      1.93196429      1.93196429      1.93196429      1.93196429      1.93196429
      1.93196429      1.93196429      1.93196429      1.93196429      1.93196429      1.93196429      1.93196429      1.93196429
      0.00000000      0.00000000      0.00000000      0.00000000      0.00000000      0.00000000      0.00000000      0.00000000
      0.00000000      0.00000000      0.00000000      0.00000000      0.00000000      0.00000000      0.00000000      0.00000000
      0.00000000      0.00000000      0.00000000      0.00000000      0.00000000      0.00000000      0.00000000      0.00000000
      0.13841325      0.31025894      0.33282454      0.07997414      0.31893802      0.19974538      0.08228856      0.13667743
      0.82834537      0.65649968      0.63393408      0.88678448      0.64782060      0.76701324      0.88447006      0.83008119
      1.68965517      1.68965517      1.68965517      1.68965517      1.68965517      1.68965517      1.68965517      1.68965517
      6.75862069      6.75862069      6.75862069      6.75862069      6.75862069      6.75862069      6.75862069      6.75862069
      0.09400000      0.09400000      0.09000000      0.09000000      0.09000000      0.09000000      0.09000000      0.09000000
      0.28300000      0.28300000      0.20950000      0.20950000      0.20950000      0.20950000      0.20950000      0.20950000
      0.00000000      0.00000000      0.00000000      0.00000000      0.00000000      0.00000000      0.00000000      0.00000000
      0.01278093      0.02575277      0.02726389      0.00767838      0.02633869      0.01773252      0.00788817      0.01263500
      0.07648849      0.05449218      0.05192979      0.08514086      0.05349863      0.06809209      0.08478513      0.07673594
      0.15602088      0.14024834      0.13841097      0.16222510      0.13953592      0.15000021      0.16197002      0.15619832
      0.62408352      0.56099337      0.55364387      0.64890038      0.55814367      0.60000083      0.64788006      0.62479327
      0.44300000      0.44300000      0.43550000      0.43550000      0.43550000      0.43550000      0.43550000      0.43550000
      0.00086347      0.00193551      0.00207628      0.00049891      0.00198965      0.00124609      0.00051335      0.00085264
      0.00516753      0.00409549      0.00395472      0.00553209      0.00404135      0.00478491      0.00551765      0.00517836
      0.01560000      0.01560000      0.01560000      0.01560000      0.01560000      0.01560000      0.01560000      0.01560000
      0.06240000      0.06240000      0.06240000      0.06240000      0.06240000      0.06240000      0.06240000      0.06240000
      0.42700000      0.42700000      0.41950000      0.41950000      0.41950000      0.41950000      0.41950000      0.41950000
      0.00000000      0.00000000      0.00000000      0.00000000      0.00000000      0.00000000      0.00000000      0.00000000
      7.37000000      7.37000000      7.37000000      7.37000000      7.37000000      7.37000000      7.37000000      7.37000000
      0.00000000      0.00000000      0.00000000      0.00000000      0.00000000      0.00000000      0.00000000      0.00000000
      2.68714286      2.68714286      2.68714286      2.68714286      2.68714286      2.68714286      2.68714286      2.68714286
      0.00000000      0.00000000      0.00000000      0.00000000      0.00000000      0.00000000      0.00000000      0.00000000
      0.00000000      0.00000000      0.00000000      0.00000000      0.00000000      0.00000000      0.00000000      0.00000000
      0.00000000      0.00000000      0.00000000      0.00000000      0.00000000      0.00000000      0.00000000      0.00000000
      0.21322434      0.47795105      0.51271314      0.12319943      0.49132108      0.30770592      0.12676477      0.21055033
      1.27605842      1.01133171      0.97656962      1.36608333      0.99796167      1.18157684      1.36251799      1.27873243
      0.49752345      1.11521911      1.19633066      0.28746533      1.14641586      0.71798049      0.29578446      0.49128410
      2.97746965      2.35977399      2.27866244      3.18752777      2.32857724      2.75701262      3.17920864      2.98370900
      0.01968890      0.03967191      0.04199977      0.01182847      0.04057451      0.02731679      0.01215165      0.01946409
      0.11782982      0.08394470      0.07999736      0.13115871      0.08241415      0.10489523      0.13061071      0.11821102
      0.04594076      0.09256778      0.09799945      0.02759977      0.09467387      0.06373917      0.02835384      0.04541622
      0.27493624      0.19587097      0.18666050      0.30603700      0.19229969      0.24475554      0.30475832      0.27582570
      0.00133017      0.00298164      0.00319850      0.00076856      0.00306504      0.00191958      0.00079081      0.00131349
      0.00796053      0.00630906      0.00609220      0.00852214      0.00622566      0.00737112      0.00849989      0.00797721
      0.00310374      0.00695715      0.00746316      0.00179332      0.00715177      0.00447903      0.00184521      0.00306481
      0.01857456      0.01472115      0.01421514      0.01988498      0.01452653      0.01719927      0.01983309      0.01861349
                2496.00000000                                                                              
     29.50000000     29.50000000     29.50000000     29.50000000     29.50000000     29.50000000     29.50000000     29.50000000
      0.00000000      0.00000000      0.00000000      0.00000000      0.00000000      0.00000000      0.00000000      0.00000000
     18.46651341     18.46651341     18.46651341     18.46651341     18.46651341     18.46651341     18.46651341     18.46651341
      2.64777778      2.64777778      2.64777778      2.64777778      2.64777778      2.64777778      2.64777778      2.64777778
      2.64777778      2.64777778      2.64777778      2.64777778      2.64777778      2.64777778      2.64777778      2.64777778
      0.00000000      0.00000000      0.00000000      0.00000000      0.00000000      0.00000000      0.00000000      0.00000000
      0.00000000      0.00000000      0.00000000      0.00000000      0.00000000      0.00000000      0.00000000      0.00000000
      0.00000000      0.00000000      0.00000000      0.00000000      0.00000000      0.00000000      0.00000000      0.00000000
      0.08771537      0.19661759      0.21091788      0.05068129      0.20211770      0.12658283      0.05214798      0.08661535
      0.52493980      0.41603759      0.40173730      0.56197389      0.41053747      0.48607234      0.56050719      0.52603982
      1.22758621      1.22758621      1.22758621      1.22758621      1.22758621      1.22758621      1.22758621      1.22758621
      4.91034483      4.91034483      4.91034483      4.91034483      4.91034483      4.91034483      4.91034483      4.91034483
      0.13000000      0.13000000      0.08900000      0.08900000      0.08900000      0.08900000      0.08900000      0.08900000
      0.23300000      0.23300000      0.12100000      0.12100000      0.12100000      0.12100000      0.12100000      0.12100000
      0.00000000      0.00000000      0.00000000      0.00000000      0.00000000      0.00000000      0.00000000      0.00000000
      0.00809954      0.01632007      0.01727770      0.00486595      0.01669138      0.01123747      0.00499890      0.00800706
      0.04847236      0.03453283      0.03290899      0.05395555      0.03390320      0.04315138      0.05373011      0.04862917
      0.11335395      0.10189471      0.10055981      0.11786150      0.10137711      0.10897974      0.11767617      0.11348286
      0.45341578      0.40757886      0.40223922      0.47144599      0.40550846      0.43591897      0.47070470      0.45393144
      0.40500000      0.40500000      0.28750000      0.28750000      0.28750000      0.28750000      0.28750000      0.28750000
      0.00098016      0.00219707      0.00235686      0.00056633      0.00225853      0.00141448      0.00058272      0.00096787
      0.00586584      0.00464893      0.00448914      0.00627967      0.00458747      0.00543152      0.00626328      0.00587813
      0.04180000      0.04180000      0.04180000      0.04180000      0.04180000      0.04180000      0.04180000      0.04180000
      0.16720000      0.16720000      0.16720000      0.16720000      0.16720000      0.16720000      0.16720000      0.16720000
      0.39000000      0.39000000      0.27450000      0.27450000      0.27450000      0.27450000      0.27450000      0.27450000
      0.00000000      0.00000000      0.00000000      0.00000000      0.00000000      0.00000000      0.00000000      0.00000000
      9.07000000      9.07000000      9.07000000      9.07000000      9.07000000      9.07000000      9.07000000      9.07000000
      0.00000000      0.00000000      0.00000000      0.00000000      0.00000000      0.00000000      0.00000000      0.00000000
      3.21857143      3.21857143      3.21857143      3.21857143      3.21857143      3.21857143      3.21857143      3.21857143
      0.00000000      0.00000000      0.00000000      0.00000000      0.00000000      0.00000000      0.00000000      0.00000000
      0.00000000      0.00000000      0.00000000      0.00000000      0.00000000      0.00000000      0.00000000      0.00000000
      0.00000000      0.00000000      0.00000000      0.00000000      0.00000000      0.00000000      0.00000000      0.00000000
      0.13512472      0.30288758      0.32491705      0.07807406      0.31136045      0.19499968      0.08033349      0.13343015
      0.80866493      0.64090207      0.61887261      0.86571560      0.63242920      0.74878997      0.86345617      0.81035951
      0.31529102      0.70673769      0.75813978      0.18217280      0.72650773      0.45499926      0.18744481      0.31133702
      1.88688484      1.49543817      1.44403608      2.02000307      1.47566814      1.74717660      2.01473106      1.89083885
      0.01247727      0.02514092      0.02661613      0.00749595      0.02571292      0.01731122      0.00770075      0.01233480
      0.07467122      0.05319751      0.05069600      0.08311802      0.05222757      0.06647430      0.08277074      0.07491280
      0.02911362      0.05866214      0.06210431      0.01749055      0.05999681      0.04039285      0.01796842      0.02878121
      0.17423285      0.12412753      0.11829066      0.19394205      0.12186434      0.15510671      0.19313173      0.17479652
      0.00150993      0.00338456      0.00363072      0.00087242      0.00347924      0.00217899      0.00089767      0.00149099
      0.00903627      0.00716164      0.00691548      0.00967378      0.00706696      0.00836721      0.00964853      0.00905521
      0.00352316      0.00789731      0.00847169      0.00203566      0.00811822      0.00508430      0.00209457      0.00347898
      0.02108464      0.01671049      0.01613611      0.02257214      0.01648958      0.01952350      0.02251323      0.02112882
                2832.00000000                                                                              
     29.60000000     29.60000000     29.60000000     29.60000000     29.60000000     29.60000000     29.60000000     29.60000000
      0.00000000      0.00000000      0.00000000      0.00000000      0.00000000      0.00000000      0.00000000      0.00000000
     54.40657974     54.40657974     54.40657974     54.40657974     54.40657974     54.40657974     54.40657974     54.40657974
      1.53946875      1.53946875      1.53946875      1.53946875      1.53946875      1.53946875      1.53946875      1.53946875
      1.53946875      1.53946875      1.53946875      1.53946875      1.53946875      1.53946875      1.53946875      1.53946875
      0.00000000      0.00000000      0.00000000      0.00000000      0.00000000      0.00000000      0.00000000      0.00000000
      0.00000000      0.00000000      0.00000000      0.00000000      0.00000000      0.00000000      0.00000000      0.00000000
      0.00000000      0.00000000      0.00000000      0.00000000      0.00000000      0.00000000      0.00000000      0.00000000
      0.13921798      0.31206277      0.33475957      0.08043911      0.32079231      0.20090669      0.08276698      0.13747207
      0.83316133      0.66031654      0.63761974      0.89194020      0.65158700      0.77147262      0.88961233      0.83490724
      0.80689655      0.80689655      0.80689655      0.80689655      0.80689655      0.80689655      0.80689655      0.80689655
      3.22758621      3.22758621      3.22758621      3.22758621      3.22758621      3.22758621      3.22758621      3.22758621
      0.14900000      0.14900000      0.18850000      0.18850000      0.18850000      0.18850000      0.18850000      0.18850000
      0.26600000      0.26600000      0.16800000      0.16800000      0.16800000      0.16800000      0.16800000      0.16800000
      0.00000000      0.00000000      0.00000000      0.00000000      0.00000000      0.00000000      0.00000000      0.00000000
      0.01285523      0.02590250      0.02742240      0.00772302      0.02649182      0.01783562      0.00793403      0.01270845
      0.07693319      0.05480899      0.05223170      0.08563587      0.05380967      0.06848797      0.08527806      0.07718208
      0.07450793      0.06697574      0.06609830      0.07747076      0.06663552      0.07163275      0.07734895      0.07459267
      0.29803172      0.26790296      0.26439320      0.30988304      0.26654208      0.28653101      0.30939578      0.29837067
      0.36600000      0.36600000      0.28850000      0.28850000      0.28850000      0.28850000      0.28850000      0.28850000
      0.00098016      0.00219707      0.00235686      0.00056633      0.00225853      0.00141448      0.00058272      0.00096787
      0.00586584      0.00464893      0.00448914      0.00627967      0.00458747      0.00543152      0.00626328      0.00587813
      0.02340000      0.02340000      0.02340000      0.02340000      0.02340000      0.02340000      0.02340000      0.02340000
      0.09360000      0.09360000      0.09360000      0.09360000      0.09360000      0.09360000      0.09360000      0.09360000
      0.34500000      0.34500000      0.26350000      0.26350000      0.26350000      0.26350000      0.26350000      0.26350000
      0.00000000      0.00000000      0.00000000      0.00000000      0.00000000      0.00000000      0.00000000      0.00000000
      7.00000000      7.00000000      7.00000000      7.00000000      7.00000000      7.00000000      7.00000000      7.00000000
      0.00000000      0.00000000      0.00000000      0.00000000      0.00000000      0.00000000      0.00000000      0.00000000
      3.13750000      3.13750000      3.13750000      3.13750000      3.13750000      3.13750000      3.13750000      3.13750000
      0.00000000      0.00000000      0.00000000      0.00000000      0.00000000      0.00000000      0.00000000      0.00000000
      0.00000000      0.00000000      0.00000000      0.00000000      0.00000000      0.00000000      0.00000000      0.00000000
      0.00000000      0.00000000      0.00000000      0.00000000      0.00000000      0.00000000      0.00000000      0.00000000
      0.21446401      0.48072983      0.51569403      0.12391570      0.49417760      0.30949491      0.12750177      0.21177446
      1.28347737      1.01721155      0.98224735      1.37402568      1.00376378      1.18844647      1.37043960      1.28616692
      0.50041603      1.12170294      1.20328607      0.28913664      1.15308107      0.72215479      0.29750414      0.49414040
      2.99478052      2.37349361      2.29191048      3.20605991      2.34211548      2.77304176      3.19769241      3.00105615
      0.01980337      0.03990256      0.04224395      0.01189724      0.04081041      0.02747561      0.01222230      0.01957726
      0.11851487      0.08443275      0.08046246      0.13192126      0.08289330      0.10550509      0.13137007      0.11889829
      0.04620786      0.09310597      0.09856922      0.02776023      0.09522430      0.06410975      0.02851869      0.04568027
      0.27653471      0.19700975      0.18774573      0.30781628      0.19341771      0.24617854      0.30653017      0.27742934
      0.00150993      0.00338456      0.00363072      0.00087242      0.00347924      0.00217899      0.00089767      0.00149099
      0.00903627      0.00716164      0.00691548      0.00967378      0.00706696      0.00836721      0.00964853      0.00905521
      0.00352316      0.00789731      0.00847169      0.00203566      0.00811822      0.00508430      0.00209457      0.00347898
      0.02108464      0.01671049      0.01613611      0.02257214      0.01648958      0.01952350      0.02251323      0.02112882
                3144.00000000                                                                              
     29.25000000     29.25000000     29.25000000     29.25000000     29.25000000     29.25000000     29.25000000     29.25000000
      0.00000000      0.00000000      0.00000000      0.00000000      0.00000000      0.00000000      0.00000000      0.00000000
     46.63375369     46.63375369     46.63375369     46.63375369     46.63375369     46.63375369     46.63375369     46.63375369
      1.00657143      1.00657143      1.00657143      1.00657143      1.00657143      1.00657143      1.00657143      1.00657143
      1.00657143      1.00657143      1.00657143      1.00657143      1.00657143      1.00657143      1.00657143      1.00657143
      0.00000000      0.00000000      0.00000000      0.00000000      0.00000000      0.00000000      0.00000000      0.00000000
      0.00000000      0.00000000      0.00000000      0.00000000      0.00000000      0.00000000      0.00000000      0.00000000
      0.00000000      0.00000000      0.00000000      0.00000000      0.00000000      0.00000000      0.00000000      0.00000000
      0.15531254      0.34813940      0.37346009      0.08973842      0.35787813      0.22413290      0.09233542      0.15336479
      0.92948056      0.73665371      0.71133301      0.99505468      0.72691498      0.86066020      0.99245768      0.93142831
      1.35862069      1.35862069      1.35862069      1.35862069      1.35862069      1.35862069      1.35862069      1.35862069
      5.43448276      5.43448276      5.43448276      5.43448276      5.43448276      5.43448276      5.43448276      5.43448276
      0.03900000      0.03900000      0.03850000      0.03850000      0.03850000      0.03850000      0.03850000      0.03850000
      0.00100000      0.00100000      0.00100000      0.00100000      0.00100000      0.00100000      0.00100000      0.00100000
      0.00000000      0.00000000      0.00000000      0.00000000      0.00000000      0.00000000      0.00000000      0.00000000
      0.01434139      0.02889700      0.03059262      0.00861586      0.02955446      0.01989754      0.00885126      0.01417764
      0.08582720      0.06114529      0.05827005      0.09553597      0.06003044      0.07640565      0.09513680      0.08610487
      0.12545352      0.11277112      0.11129372      0.13044222      0.11219827      0.12061241      0.13023711      0.12559620
      0.50181410      0.45108446      0.44517487      0.52176888      0.44879307      0.48244964      0.52094846      0.50238480
      0.41400000      0.41400000      0.28300000      0.28300000      0.28300000      0.28300000      0.28300000      0.28300000
      0.00030338      0.00068004      0.00072950      0.00017529      0.00069907      0.00043781      0.00018037      0.00029958
      0.00181562      0.00143896      0.00138950      0.00194371      0.00141993      0.00168119      0.00193863      0.00181942
      0.04660000      0.04660000      0.04660000      0.04660000      0.04660000      0.04660000      0.04660000      0.04660000
      0.18640000      0.18640000      0.18640000      0.18640000      0.18640000      0.18640000      0.18640000      0.18640000
      0.41000000      0.41000000      0.27750000      0.27750000      0.27750000      0.27750000      0.27750000      0.27750000
      0.00000000      0.00000000      0.00000000      0.00000000      0.00000000      0.00000000      0.00000000      0.00000000
      6.24000000      6.24000000      6.24000000      6.24000000      6.24000000      6.24000000      6.24000000      6.24000000
      0.00000000      0.00000000      0.00000000      0.00000000      0.00000000      0.00000000      0.00000000      0.00000000
      3.09642857      3.09642857      3.09642857      3.09642857      3.09642857      3.09642857      3.09642857      3.09642857
      0.00000000      0.00000000      0.00000000      0.00000000      0.00000000      0.00000000      0.00000000      0.00000000
      0.00000000      0.00000000      0.00000000      0.00000000      0.00000000      0.00000000      0.00000000      0.00000000
      0.00000000      0.00000000      0.00000000      0.00000000      0.00000000      0.00000000      0.00000000      0.00000000
      0.23925754      0.53630554      0.57531184      0.13824122      0.55130796      0.34527467      0.14224186      0.23625705
      1.43185625      1.13480826      1.09580195      1.53287258      1.11980583      1.32583912      1.52887193      1.43485674
      0.55826759      1.25137958      1.34239429      0.32256284      1.28638524      0.80564090      0.33189768      0.55126646
      3.34099792      2.64788593      2.55687123      3.57670268      2.61288028      3.09362462      3.56736783      3.34799906
      0.02209278      0.04451557      0.04712764      0.01327265      0.04552838      0.03065198      0.01363528      0.02184052
      0.13221602      0.09419376      0.08976448      0.14717228      0.09247634      0.11770221      0.14655736      0.13264376
      0.05154981      0.10386966      0.10996450      0.03096951      0.10623289      0.07152128      0.03181565      0.05096122
      0.30850404      0.21978544      0.20945044      0.34340198      0.21577814      0.27463848      0.34196718      0.30950210
      0.00046736      0.00104760      0.00112380      0.00027004      0.00107691      0.00067445      0.00027785      0.00046150
      0.00279694      0.00221670      0.00214050      0.00299426      0.00218739      0.00258985      0.00298645      0.00280280
      0.00109050      0.00244440      0.00262219      0.00063008      0.00251278      0.00157371      0.00064832      0.00107683
      0.00652620      0.00517230      0.00499451      0.00698662      0.00510392      0.00604299      0.00696838      0.00653987
                3504.00000000                                                                              
     29.00000000     29.00000000     29.00000000     29.00000000     29.00000000     29.00000000     29.00000000     29.00000000
      0.00000000      0.00000000      0.00000000      0.00000000      0.00000000      0.00000000      0.00000000      0.00000000
     55.27025862     55.27025862     55.27025862     55.27025862     55.27025862     55.27025862     55.27025862     55.27025862
      2.04625000      2.04625000      2.04625000      2.04625000      2.04625000      2.04625000      2.04625000      2.04625000
      2.04625000      2.04625000      2.04625000      2.04625000      2.04625000      2.04625000      2.04625000      2.04625000
      0.00000000      0.00000000      0.00000000      0.00000000      0.00000000      0.00000000      0.00000000      0.00000000
      0.00000000      0.00000000      0.00000000      0.00000000      0.00000000      0.00000000      0.00000000      0.00000000
      0.00000000      0.00000000      0.00000000      0.00000000      0.00000000      0.00000000      0.00000000      0.00000000
      0.15289836      0.34272790      0.36765502      0.08834353      0.35231525      0.22064897      0.09090015      0.15098089
      0.91503268      0.72520313      0.70027602      0.97958751      0.71561578      0.84728207      0.97703088      0.91695015
      1.90344828      1.90344828      1.90344828      1.90344828      1.90344828      1.90344828      1.90344828      1.90344828
      7.61379310      7.61379310      7.61379310      7.61379310      7.61379310      7.61379310      7.61379310      7.61379310
      0.03966667      0.03966667      0.03683333      0.03683333      0.03683333      0.03683333      0.03683333      0.03683333
      0.00633333      0.00633333      0.00366667      0.00366667      0.00366667      0.00366667      0.00366667      0.00366667
      0.00000000      0.00000000      0.00000000      0.00000000      0.00000000      0.00000000      0.00000000      0.00000000
      0.01411846      0.02844783      0.03011708      0.00848193      0.02909507      0.01958825      0.00871367      0.01395726
      0.08449310      0.06019485      0.05736430      0.09405095      0.05909733      0.07521800      0.09365799      0.08476645
      0.17576230      0.15799405      0.15592419      0.18275154      0.15719148      0.16897982      0.18246418      0.17596219
      0.70304919      0.63197620      0.62369677      0.73100615      0.62876593      0.67591930      0.72985672      0.70384875
      0.23866667      0.23866667      0.17833333      0.17833333      0.17833333      0.17833333      0.17833333      0.17833333
      0.00051342      0.00115084      0.00123455      0.00029665      0.00118304      0.00074092      0.00030523      0.00050698
      0.00307258      0.00243516      0.00235145      0.00328935      0.00240296      0.00284508      0.00328077      0.00307902
      0.06540000      0.06540000      0.06540000      0.06540000      0.06540000      0.06540000      0.06540000      0.06540000
      0.26160000      0.26160000      0.26160000      0.26160000      0.26160000      0.26160000      0.26160000      0.26160000
      0.22266667      0.22266667      0.16233333      0.16233333      0.16233333      0.16233333      0.16233333      0.16233333
      0.00000000      0.00000000      0.00000000      0.00000000      0.00000000      0.00000000      0.00000000      0.00000000
      3.79000000      3.79000000      3.79000000      3.79000000      3.79000000      3.79000000      3.79000000      3.79000000
      0.00000000      0.00000000      0.00000000      0.00000000      0.00000000      0.00000000      0.00000000      0.00000000
      2.79642857      2.79642857      2.79642857      2.79642857      2.79642857      2.79642857      2.79642857      2.79642857
      0.00000000      0.00000000      0.00000000      0.00000000      0.00000000      0.00000000      0.00000000      0.00000000
      0.00000000      0.00000000      0.00000000      0.00000000      0.00000000      0.00000000      0.00000000      0.00000000
      0.00000000      0.00000000      0.00000000      0.00000000      0.00000000      0.00000000      0.00000000      0.00000000
      0.23553851      0.52796918      0.56636917      0.13609239      0.54273841      0.33990771      0.14003085      0.23258467
      1.40959942      1.11716875      1.07876876      1.50904554      1.10239952      1.30523023      1.50510708      1.41255327
      0.54958986      1.23192809      1.32152806      0.31754891      1.26638962      0.79311798      0.32673865      0.54269755
      3.28906531      2.60672708      2.51712711      3.52110626      2.57226556      3.04553719      3.51191652      3.29595762
      0.02174936      0.04382362      0.04639509      0.01306634      0.04482068      0.03017552      0.01342333      0.02150103
      0.13016084      0.09272961      0.08836917      0.14488463      0.09103889      0.11587264      0.14427927      0.13058194
      0.05074852      0.10225511      0.10825521      0.03048812      0.10458160      0.07040955      0.03132110      0.05016908
      0.30370864      0.21636909      0.20619474      0.33806413      0.21242407      0.27036949      0.33665163      0.30469119
      0.00079091      0.00177286      0.00190181      0.00045698      0.00182246      0.00114137      0.00047021      0.00078099
      0.00473329      0.00375134      0.00362239      0.00506722      0.00370174      0.00438283      0.00505399      0.00474321
      0.00184546      0.00413668      0.00443755      0.00106630      0.00425240      0.00266321      0.00109715      0.00182232
      0.01104434      0.00875312      0.00845225      0.01182350      0.00863740      0.01022659      0.01179265      0.01106748
                3840.00000000                                                                              
     22.33000000     22.33000000     22.33000000     22.33000000     22.33000000     22.33000000     22.33000000     22.33000000
      0.00000000      0.00000000      0.00000000      0.00000000      0.00000000      0.00000000      0.00000000      0.00000000
     42.69962069     42.69962069     42.69962069     42.69962069     42.69962069     42.69962069     42.69962069     42.69962069
      1.10950000      1.10950000      1.10950000      1.10950000      1.10950000      1.10950000      1.10950000      1.10950000
      1.10950000      1.10950000      1.10950000      1.10950000      1.10950000      1.10950000      1.10950000      1.10950000
      0.00000000      0.00000000      0.00000000      0.00000000      0.00000000      0.00000000      0.00000000      0.00000000
      0.00000000      0.00000000      0.00000000      0.00000000      0.00000000      0.00000000      0.00000000      0.00000000
      0.00000000      0.00000000      0.00000000      0.00000000      0.00000000      0.00000000      0.00000000      0.00000000
      0.14324162      0.32108193      0.34443470      0.08276394      0.33006376      0.20671324      0.08515909      0.14144525
      0.85724114      0.67940083      0.65604806      0.91771882      0.67041899      0.79376951      0.91532367      0.85903751
      2.04827586      2.04827586      2.04827586      2.04827586      2.04827586      2.04827586      2.04827586      2.04827586
      8.19310345      8.19310345      8.19310345      8.19310345      8.19310345      8.19310345      8.19310345      8.19310345
      0.04400000      0.04400000      0.04500000      0.04500000      0.04500000      0.04500000      0.04500000      0.04500000
      0.00000000      0.00000000      0.00000000      0.00000000      0.00000000      0.00000000      0.00000000      0.00000000
      0.00000000      0.00000000      0.00000000      0.00000000      0.00000000      0.00000000      0.00000000      0.00000000
      0.01322677      0.02665112      0.02821495      0.00794623      0.02725748      0.01835110      0.00816333      0.01307575
      0.07915669      0.05639307      0.05374129      0.08811089      0.05536486      0.07046739      0.08774275      0.07941278
      0.18913552      0.17001534      0.16778799      0.19665654      0.16915170      0.18183699      0.19634732      0.18935061
      0.75654207      0.68006135      0.67115196      0.78662618      0.67660681      0.72734794      0.78538930      0.75740246
      0.17900000      0.17900000      0.15933333      0.15933333      0.15933333      0.15933333      0.15933333      0.15933333
      0.00056009      0.00125547      0.00134678      0.00032362      0.00129059      0.00080827      0.00033298      0.00055307
      0.00335191      0.00265653      0.00256522      0.00358838      0.00262141      0.00310373      0.00357902      0.00335893
      0.04100000      0.04100000      0.04100000      0.04100000      0.04100000      0.04100000      0.04100000      0.04100000
      0.16400000      0.16400000      0.16400000      0.16400000      0.16400000      0.16400000      0.16400000      0.16400000
      0.17000000      0.17000000      0.15000000      0.15000000      0.15000000      0.15000000      0.15000000      0.15000000
      0.00000000      0.00000000      0.00000000      0.00000000      0.00000000      0.00000000      0.00000000      0.00000000
      7.37000000      7.37000000      7.37000000      7.37000000      7.37000000      7.37000000      7.37000000      7.37000000
      0.00000000      0.00000000      0.00000000      0.00000000      0.00000000      0.00000000      0.00000000      0.00000000
      2.28821429      2.28821429      2.28821429      2.28821429      2.28821429      2.28821429      2.28821429      2.28821429
      0.00000000      0.00000000      0.00000000      0.00000000      0.00000000      0.00000000      0.00000000      0.00000000
      0.00000000      0.00000000      0.00000000      0.00000000      0.00000000      0.00000000      0.00000000      0.00000000
      0.00000000      0.00000000      0.00000000      0.00000000      0.00000000      0.00000000      0.00000000      0.00000000
      0.22066239      0.49462376      0.53059848      0.12749708      0.50846019      0.31843985      0.13118680      0.21789511
      1.32057209      1.04661072      1.01063600      1.41373740      1.03277429      1.22279463      1.41004769      1.32333938
      0.51487892      1.15412210      1.23806313      0.29749319      1.18640711      0.74302632      0.30610253      0.50842192
      3.08133487      2.44209169      2.35815066      3.29872060      2.40980668      2.85318747      3.29011127      3.08779188
      0.02037572      0.04105581      0.04346487      0.01224109      0.04198990      0.02826970      0.01257554      0.02014307
      0.12194016      0.08687300      0.08278796      0.13573402      0.08528906      0.10855437      0.13516690      0.12233466
      0.04754335      0.09579689      0.10141804      0.02856255      0.09797644      0.06596263      0.02934293      0.04700051
      0.28452704      0.20270367      0.19317191      0.31671271      0.19900781      0.25329352      0.31538942      0.28544753
      0.00086281      0.00193403      0.00207470      0.00049853      0.00198814      0.00124514      0.00051296      0.00085199
      0.00516359      0.00409237      0.00395170      0.00552787      0.00403826      0.00478126      0.00551344      0.00517441
      0.00201323      0.00451275      0.00484097      0.00116323      0.00463899      0.00290532      0.00119690      0.00198799
      0.01204837      0.00954885      0.00922063      0.01289837      0.00942261      0.01115628      0.01286470      0.01207361
                4152.00000000                                                                              
     24.17000000     24.17000000     24.17000000     24.17000000     24.17000000     24.17000000     24.17000000     24.17000000
      0.00000000      0.00000000      0.00000000      0.00000000      0.00000000      0.00000000      0.00000000      0.00000000
     43.65533251     43.65533251     43.65533251     43.65533251     43.65533251     43.65533251     43.65533251     43.65533251
      2.54267857      2.54267857      2.54267857      2.54267857      2.54267857      2.54267857      2.54267857      2.54267857
      2.54267857      2.54267857      2.54267857      2.54267857      2.54267857      2.54267857      2.54267857      2.54267857
      0.00000000      0.00000000      0.00000000      0.00000000      0.00000000      0.00000000      0.00000000      0.00000000
      0.00000000      0.00000000      0.00000000      0.00000000      0.00000000      0.00000000      0.00000000      0.00000000
      0.00000000      0.00000000      0.00000000      0.00000000      0.00000000      0.00000000      0.00000000      0.00000000
      0.12392814      0.27778998      0.29799407      0.07160475      0.28556078      0.17884180      0.07367697      0.12237398
      0.74165807      0.58779622      0.56759214      0.79398145      0.58002542      0.68674441      0.79190924      0.74321223
      1.87586207      1.87586207      1.87586207      1.87586207      1.87586207      1.87586207      1.87586207      1.87586207
      7.50344828      7.50344828      7.50344828      7.50344828      7.50344828      7.50344828      7.50344828      7.50344828
      0.04500000      0.04500000      0.04900000      0.04900000      0.04900000      0.04900000      0.04900000      0.04900000
      0.00100000      0.00100000      0.00100000      0.00100000      0.00100000      0.00100000      0.00100000      0.00100000
      0.00000000      0.00000000      0.00000000      0.00000000      0.00000000      0.00000000      0.00000000      0.00000000
      0.01144339      0.02305771      0.02441069      0.00687483      0.02358232      0.01587679      0.00706266      0.01131273
      0.06848388      0.04878951      0.04649527      0.07623077      0.04789994      0.06096617      0.07591227      0.06870544
      0.17321502      0.15570428      0.15366442      0.18010296      0.15491334      0.16653084      0.17981977      0.17341201
      0.69286008      0.62281713      0.61465769      0.72041185      0.61965338      0.66612337      0.71927909      0.69364804
      0.17000000      0.17000000      0.16600000      0.16600000      0.16600000      0.16600000      0.16600000      0.16600000
      0.00119019      0.00266787      0.00286190      0.00068768      0.00274250      0.00171758      0.00070759      0.00117527
      0.00712281      0.00564513      0.00545110      0.00762532      0.00557050      0.00659542      0.00760541      0.00713773
      0.04340000      0.04340000      0.04340000      0.04340000      0.04340000      0.04340000      0.04340000      0.04340000
      0.17360000      0.17360000      0.17360000      0.17360000      0.17360000      0.17360000      0.17360000      0.17360000
      0.15800000      0.15800000      0.15450000      0.15450000      0.15450000      0.15450000      0.15450000      0.15450000
      0.00000000      0.00000000      0.00000000      0.00000000      0.00000000      0.00000000      0.00000000      0.00000000
      7.10000000      7.10000000      7.10000000      7.10000000      7.10000000      7.10000000      7.10000000      7.10000000
      0.00000000      0.00000000      0.00000000      0.00000000      0.00000000      0.00000000      0.00000000      0.00000000
      2.26071429      2.26071429      2.26071429      2.26071429      2.26071429      2.26071429      2.26071429      2.26071429
      0.00000000      0.00000000      0.00000000      0.00000000      0.00000000      0.00000000      0.00000000      0.00000000
      0.00000000      0.00000000      0.00000000      0.00000000      0.00000000      0.00000000      0.00000000      0.00000000
      0.00000000      0.00000000      0.00000000      0.00000000      0.00000000      0.00000000      0.00000000      0.00000000
      0.19091016      0.42793291      0.45905711      0.11030646      0.43990376      0.27550414      0.11349869      0.18851599
      1.14251743      0.90549467      0.87437047      1.22312112      0.89352383      1.05792345      1.21992890      1.14491159
      0.44545704      0.99851013      1.07113327      0.25738175      1.02644211      0.64284299      0.26483027      0.43987065
      2.66587399      2.11282090      2.04019777      2.85394929      2.08488893      2.46848804      2.84650076      2.67146039
      0.01762843      0.03552020      0.03760444      0.01059061      0.03632834      0.02445805      0.01087996      0.01742715
      0.10549879      0.07515979      0.07162554      0.11743280      0.07378941      0.09391782      0.11694215      0.10584010
      0.04113301      0.08288046      0.08774370      0.02471142      0.08476614      0.05706879      0.02538658      0.04066336
      0.24616384      0.17537284      0.16712626      0.27400987      0.17217530      0.21914159      0.27286501      0.24696022
      0.00183348      0.00410982      0.00440874      0.00105937      0.00422479      0.00264591      0.00109003      0.00181049
      0.01097262      0.00869628      0.00839736      0.01174673      0.00858131      0.01016019      0.01171607      0.01099561
      0.00427812      0.00958959      0.01028705      0.00247187      0.00985784      0.00617380      0.00254340      0.00422447
      0.02560278      0.02029131      0.01959385      0.02740903      0.02002306      0.02370710      0.02733750      0.02565643
                4464.00000000                                                                              
     20.48000000     20.48000000     20.48000000     20.48000000     20.48000000     20.48000000     20.48000000     20.48000000
      0.00000000      0.00000000      0.00000000      0.00000000      0.00000000      0.00000000      0.00000000      0.00000000
     38.99432020     38.99432020     38.99432020     38.99432020     38.99432020     38.99432020     38.99432020     38.99432020
      2.56835714      2.56835714      2.56835714      2.56835714      2.56835714      2.56835714      2.56835714      2.56835714
      2.56835714      2.56835714      2.56835714      2.56835714      2.56835714      2.56835714      2.56835714      2.56835714
      0.00000000      0.00000000      0.00000000      0.00000000      0.00000000      0.00000000      0.00000000      0.00000000
      0.00000000      0.00000000      0.00000000      0.00000000      0.00000000      0.00000000      0.00000000      0.00000000
      0.00000000      0.00000000      0.00000000      0.00000000      0.00000000      0.00000000      0.00000000      0.00000000
      0.10139575      0.22728271      0.24381333      0.05858571      0.23364064      0.14632511      0.06028115      0.10012417
      0.60681114      0.48092418      0.46439357      0.64962119      0.47456625      0.56188179      0.64792574      0.60808273
      1.81379310      1.81379310      1.81379310      1.81379310      1.81379310      1.81379310      1.81379310      1.81379310
      7.25517241      7.25517241      7.25517241      7.25517241      7.25517241      7.25517241      7.25517241      7.25517241
      0.02200000      0.02200000      0.02350000      0.02350000      0.02350000      0.02350000      0.02350000      0.02350000
      0.00100000      0.00100000      0.00100000      0.00100000      0.00100000      0.00100000      0.00100000      0.00100000
      0.00000000      0.00000000      0.00000000      0.00000000      0.00000000      0.00000000      0.00000000      0.00000000
      0.00936277      0.01886540      0.01997238      0.00562486      0.01929462      0.01299010      0.00577854      0.00925587
      0.05603227      0.03991869      0.03804159      0.06237063      0.03919086      0.04988141      0.06211004      0.05621354
      0.16748364      0.15055230      0.14857994      0.17414367      0.14978753      0.16102063      0.17386985      0.16767411
      0.66993456      0.60220921      0.59431975      0.69657470      0.59915014      0.64408252      0.69547941      0.67069645
      0.12800000      0.12800000      0.15250000      0.15250000      0.15250000      0.15250000      0.15250000      0.15250000
      0.00063010      0.00141240      0.00151513      0.00036407      0.00145191      0.00090931      0.00037460      0.00062220
      0.00377090      0.00298860      0.00288587      0.00403693      0.00294909      0.00349169      0.00402640      0.00377880
      0.06740000      0.06740000      0.06740000      0.06740000      0.06740000      0.06740000      0.06740000      0.06740000
      0.26960000      0.26960000      0.26960000      0.26960000      0.26960000      0.26960000      0.26960000      0.26960000
      0.12500000      0.12500000      0.14800000      0.14800000      0.14800000      0.14800000      0.14800000      0.14800000
      0.00000000      0.00000000      0.00000000      0.00000000      0.00000000      0.00000000      0.00000000      0.00000000
      8.13000000      8.13000000      8.13000000      8.13000000      8.13000000      8.13000000      8.13000000      8.13000000
      0.00000000      0.00000000      0.00000000      0.00000000      0.00000000      0.00000000      0.00000000      0.00000000
      2.46800000      2.46800000      2.46800000      2.46800000      2.46800000      2.46800000      2.46800000      2.46800000
      0.00000000      0.00000000      0.00000000      0.00000000      0.00000000      0.00000000      0.00000000      0.00000000
      0.00000000      0.00000000      0.00000000      0.00000000      0.00000000      0.00000000      0.00000000      0.00000000
      0.00000000      0.00000000      0.00000000      0.00000000      0.00000000      0.00000000      0.00000000      0.00000000
      0.15619922      0.35012693      0.37559218      0.09025074      0.35992126      0.22541248      0.09286256      0.15424036
      0.93478698      0.74085928      0.71539402      1.00073546      0.73106495      0.86557373      0.99812364      0.93674585
      0.36446485      0.81696284      0.87638176      0.21058507      0.83981627      0.52596245      0.21667932      0.35989417
      2.18116963      1.72867165      1.66925272      2.33504942      1.70581821      2.01967203      2.32895517      2.18574032
      0.01442326      0.02906198      0.03076727      0.00866504      0.02972319      0.02001114      0.00890179      0.01425858
      0.08631719      0.06149437      0.05860271      0.09608138      0.06037316      0.07684186      0.09567994      0.08659644
      0.03365428      0.06781128      0.07179030      0.02021843      0.06935411      0.04669265      0.02077084      0.03327002
      0.20140678      0.14348687      0.13673967      0.22418989      0.14087070      0.17929766      0.22325319      0.20205837
      0.00097067      0.00217579      0.00233404      0.00056084      0.00223665      0.00140078      0.00057707      0.00095849
      0.00580903      0.00460391      0.00444566      0.00621886      0.00454305      0.00537892      0.00620263      0.00582121
      0.00226489      0.00507684      0.00544609      0.00130864      0.00521886      0.00326848      0.00134651      0.00223649
      0.01355441      0.01074246      0.01037321      0.01451066      0.01060044      0.01255082      0.01447279      0.01358281
                4992.00000000                                                                              
     16.05000000     16.05000000     16.05000000     16.05000000     16.05000000     16.05000000     16.05000000     16.05000000
      0.00000000      0.00000000      0.00000000      0.00000000      0.00000000      0.00000000      0.00000000      0.00000000
     10.50733990     10.50733990     10.50733990     10.50733990     10.50733990     10.50733990     10.50733990     10.50733990
      0.68357143      0.68357143      0.68357143      0.68357143      0.68357143      0.68357143      0.68357143      0.68357143
      0.68357143      0.68357143      0.68357143      0.68357143      0.68357143      0.68357143      0.68357143      0.68357143
      0.00000000      0.00000000      0.00000000      0.00000000      0.00000000      0.00000000      0.00000000      0.00000000
      0.00000000      0.00000000      0.00000000      0.00000000      0.00000000      0.00000000      0.00000000      0.00000000
      0.00000000      0.00000000      0.00000000      0.00000000      0.00000000      0.00000000      0.00000000      0.00000000
      0.12070923      0.27057466      0.29025396      0.06974489      0.27814362      0.17419655      0.07176328      0.11919544
      0.72239422      0.57252879      0.55284949      0.77335856      0.56495983      0.66890689      0.77134017      0.72390801
      0.39310345      0.39310345      0.39310345      0.39310345      0.39310345      0.39310345      0.39310345      0.39310345
      1.57241379      1.57241379      1.57241379      1.57241379      1.57241379      1.57241379      1.57241379      1.57241379
      0.02300000      0.02300000      0.02500000      0.02500000      0.02500000      0.02500000      0.02500000      0.02500000
      0.00000000      0.00000000      0.00050000      0.00050000      0.00050000      0.00050000      0.00050000      0.00050000
      0.00000000      0.00000000      0.00000000      0.00000000      0.00000000      0.00000000      0.00000000      0.00000000
      0.01114616      0.02245881      0.02377665      0.00669626      0.02296979      0.01546441      0.00687921      0.01101889
      0.06670508      0.04752225      0.04528760      0.07425075      0.04665578      0.05938263      0.07394052      0.06692088
      0.03629874      0.03262921      0.03220174      0.03774217      0.03246346      0.03489801      0.03768282      0.03634002
      0.14519494      0.13051682      0.12880694      0.15096866      0.12985383      0.13959203      0.15073128      0.14536007
      0.06300000      0.06300000      0.06050000      0.06050000      0.06050000      0.06050000      0.06050000      0.06050000
      0.00053675      0.00120316      0.00129066      0.00031013      0.00123681      0.00077459      0.00031911      0.00053002
      0.00321225      0.00254584      0.00245834      0.00343887      0.00251219      0.00297441      0.00342989      0.00321898
      0.01540000      0.01540000      0.01540000      0.01540000      0.01540000      0.01540000      0.01540000      0.01540000
      0.06160000      0.06160000      0.06160000      0.06160000      0.06160000      0.06160000      0.06160000      0.06160000
      0.04000000      0.04000000      0.03850000      0.03850000      0.03850000      0.03850000      0.03850000      0.03850000
      0.00000000      0.00000000      0.00000000      0.00000000      0.00000000      0.00000000      0.00000000      0.00000000
      8.46000000      8.46000000      8.46000000      8.46000000      8.46000000      8.46000000      8.46000000      8.46000000
      0.00000000      0.00000000      0.00000000      0.00000000      0.00000000      0.00000000      0.00000000      0.00000000
      2.47156250      2.47156250      2.47156250      2.47156250      2.47156250      2.47156250      2.47156250      2.47156250
      0.00000000      0.00000000      0.00000000      0.00000000      0.00000000      0.00000000      0.00000000      0.00000000
      0.00000000      0.00000000      0.00000000      0.00000000      0.00000000      0.00000000      0.00000000      0.00000000
      0.00000000      0.00000000      0.00000000      0.00000000      0.00000000      0.00000000      0.00000000      0.00000000
      0.18595146      0.41681777      0.44713355      0.10744136      0.42847769      0.26834819      0.11055067      0.18361947
      1.11284165      0.88197533      0.85165955      1.19135174      0.87031541      1.03044491      1.18824243      1.11517363
      0.43388673      0.97257481      1.04331162      0.25069651      0.99978128      0.62614577      0.25795157      0.42844544
      2.59663051      2.05794243      1.98720562      2.77982073      2.03073597      2.40437147      2.77256567      2.60207181
      0.01717055      0.03459759      0.03662770      0.01031553      0.03538475      0.02382278      0.01059737      0.01697450
      0.10275856      0.07320759      0.06976514      0.11438260      0.07187281      0.09147840      0.11390469      0.10309100
      0.04006462      0.08072772      0.08546464      0.02406957      0.08256442      0.05558649      0.02472719      0.03960717
      0.23976998      0.17081770      0.16278532      0.26689273      0.16770321      0.21344960      0.26577760      0.24054567
      0.00082686      0.00185345      0.00198825      0.00047776      0.00190530      0.00119325      0.00049158      0.00081649
      0.00494844      0.00392185      0.00378705      0.00529754      0.00387000      0.00458205      0.00528372      0.00495881
      0.00192935      0.00432472      0.00463926      0.00111476      0.00444569      0.00278426      0.00114702      0.00190515
      0.01154635      0.00915098      0.00883644      0.01236094      0.00903001      0.01069144      0.01232868      0.01157055
                5304.00000000                                                                              
     10.84000000     10.84000000     10.84000000     10.84000000     10.84000000     10.84000000     10.84000000     10.84000000
      0.00000000      0.00000000      0.00000000      0.00000000      0.00000000      0.00000000      0.00000000      0.00000000
     12.29433744     12.29433744     12.29433744     12.29433744     12.29433744     12.29433744     12.29433744     12.29433744
      0.40110714      0.40110714      0.40110714      0.40110714      0.40110714      0.40110714      0.40110714      0.40110714
      0.40110714      0.40110714      0.40110714      0.40110714      0.40110714      0.40110714      0.40110714      0.40110714
      0.00000000      0.00000000      0.00000000      0.00000000      0.00000000      0.00000000      0.00000000      0.00000000
      0.00000000      0.00000000      0.00000000      0.00000000      0.00000000      0.00000000      0.00000000      0.00000000
      0.00000000      0.00000000      0.00000000      0.00000000      0.00000000      0.00000000      0.00000000      0.00000000
      0.08127755      0.18218694      0.19543767      0.04696156      0.18728337      0.11729235      0.04832061      0.08025826
      0.48641211      0.38550272      0.37225199      0.52072810      0.38040628      0.45039731      0.51936905      0.48743139
      0.22068966      0.22068966      0.22068966      0.22068966      0.22068966      0.22068966      0.22068966      0.22068966
      0.88275862      0.88275862      0.88275862      0.88275862      0.88275862      0.88275862      0.88275862      0.88275862
      0.03200000      0.03200000      0.04000000      0.04000000      0.04000000      0.04000000      0.04000000      0.04000000
      0.05000000      0.05000000      0.03450000      0.03450000      0.03450000      0.03450000      0.03450000      0.03450000
      0.00000000      0.00000000      0.00000000      0.00000000      0.00000000      0.00000000      0.00000000      0.00000000
      0.00750508      0.01512227      0.01600961      0.00450882      0.01546633      0.01041270      0.00463200      0.00741939
      0.04491475      0.03199831      0.03049365      0.04999551      0.03141489      0.03998431      0.04978662      0.04506006
      0.02037824      0.01831815      0.01807817      0.02118858      0.01822510      0.01959186      0.02115527      0.02040141
      0.08151295      0.07327260      0.07231267      0.08475434      0.07290040      0.07836745      0.08462107      0.08160565
      0.11800000      0.11800000      0.09050000      0.09050000      0.09050000      0.09050000      0.09050000      0.09050000
      0.00032672      0.00073236      0.00078562      0.00018878      0.00075284      0.00047149      0.00019424      0.00032262
      0.00195528      0.00154964      0.00149638      0.00209322      0.00152916      0.00181051      0.00208776      0.00195938
      0.00740000      0.00740000      0.00740000      0.00740000      0.00740000      0.00740000      0.00740000      0.00740000
      0.02960000      0.02960000      0.02960000      0.02960000      0.02960000      0.02960000      0.02960000      0.02960000
      0.11700000      0.11700000      0.08800000      0.08800000      0.08800000      0.08800000      0.08800000      0.08800000
      0.00000000      0.00000000      0.00000000      0.00000000      0.00000000      0.00000000      0.00000000      0.00000000
      5.55000000      5.55000000      5.55000000      5.55000000      5.55000000      5.55000000      5.55000000      5.55000000
      0.00000000      0.00000000      0.00000000      0.00000000      0.00000000      0.00000000      0.00000000      0.00000000
      1.77687500      1.77687500      1.77687500      1.77687500      1.77687500      1.77687500      1.77687500      1.77687500
      0.00000000      0.00000000      0.00000000      0.00000000      0.00000000      0.00000000      0.00000000      0.00000000
      0.00000000      0.00000000      0.00000000      0.00000000      0.00000000      0.00000000      0.00000000      0.00000000
      0.00000000      0.00000000      0.00000000      0.00000000      0.00000000      0.00000000      0.00000000      0.00000000
      0.12520731      0.28065730      0.30106993      0.07234385      0.28850831      0.18068778      0.07443745      0.12363711
      0.74931338      0.59386339      0.57345076      0.80217684      0.58601238      0.69383291      0.80008324      0.75088358
      0.29215040      0.65486704      0.70249649      0.16880232      0.67318606      0.42160482      0.17368739      0.28848659
      1.74839788      1.38568124      1.33805178      1.87174596      1.36736222      1.61894345      1.86686089      1.75206168
      0.01156150      0.02329571      0.02466265      0.00694579      0.02382573      0.01604067      0.00713556      0.01142950
      0.06919076      0.04929311      0.04697519      0.07701762      0.04839436      0.06159546      0.07669582      0.06941461
      0.02697684      0.05435666      0.05754619      0.01620684      0.05559338      0.03742823      0.01664964      0.02666883
      0.16144512      0.11501725      0.10960878      0.17970777      0.11292016      0.14372273      0.17895692      0.16196742
      0.00050331      0.00112819      0.00121024      0.00029081      0.00115975      0.00072633      0.00029922      0.00049700
      0.00301209      0.00238721      0.00230516      0.00322459      0.00235565      0.00278907      0.00321618      0.00301840
      0.00117439      0.00263244      0.00282390      0.00067855      0.00270607      0.00169477      0.00069819      0.00115966
      0.00702821      0.00557016      0.00537870      0.00752405      0.00549653      0.00650783      0.00750441      0.00704294
                5832.00000000                                                                              
      9.16000000      9.16000000      9.16000000      9.16000000      9.16000000      9.16000000      9.16000000      9.16000000
      0.00000000      0.00000000      0.00000000      0.00000000      0.00000000      0.00000000      0.00000000      0.00000000
     11.65314778     11.65314778     11.65314778     11.65314778     11.65314778     11.65314778     11.65314778     11.65314778
      1.65135714      1.65135714      1.65135714      1.65135714      1.65135714      1.65135714      1.65135714      1.65135714
      1.65135714      1.65135714      1.65135714      1.65135714      1.65135714      1.65135714      1.65135714      1.65135714
      0.00000000      0.00000000      0.00000000      0.00000000      0.00000000      0.00000000      0.00000000      0.00000000
      0.00000000      0.00000000      0.00000000      0.00000000      0.00000000      0.00000000      0.00000000      0.00000000
      0.00000000      0.00000000      0.00000000      0.00000000      0.00000000      0.00000000      0.00000000      0.00000000
      0.06357353      0.14250265      0.15286709      0.03673231      0.14648897      0.09174352      0.03779533      0.06277626
      0.38046096      0.30153183      0.29116740      0.40730217      0.29754551      0.35229096      0.40623916      0.38125822
      0.34482759      0.34482759      0.34482759      0.34482759      0.34482759      0.34482759      0.34482759      0.34482759
      1.37931034      1.37931034      1.37931034      1.37931034      1.37931034      1.37931034      1.37931034      1.37931034
      0.06033333      0.06033333      0.10066667      0.10066667      0.10066667      0.10066667      0.10066667      0.10066667
      0.10533333      0.10533333      0.10516667      0.10516667      0.10516667      0.10516667      0.10516667      0.10516667
      0.00000000      0.00000000      0.00000000      0.00000000      0.00000000      0.00000000      0.00000000      0.00000000
      0.00587031      0.01182831      0.01252237      0.00352670      0.01209742      0.00814459      0.00362305      0.00580328
      0.03513134      0.02502838      0.02385147      0.03910540      0.02457205      0.03127485      0.03894201      0.03524500
      0.03184100      0.02862211      0.02824714      0.03310716      0.02847672      0.03061229      0.03305511      0.03187721
      0.12736398      0.11448844      0.11298855      0.13242865      0.11390687      0.12244915      0.13222042      0.12750883
      0.08566667      0.08566667      0.08333333      0.08333333      0.08333333      0.08333333      0.08333333      0.08333333
      0.00016336      0.00036618      0.00039281      0.00009439      0.00037642      0.00023575      0.00009712      0.00016131
      0.00097764      0.00077482      0.00074819      0.00104661      0.00076458      0.00090525      0.00104388      0.00097969
      0.01020000      0.01020000      0.01020000      0.01020000      0.01020000      0.01020000      0.01020000      0.01020000
      0.04080000      0.04080000      0.04080000      0.04080000      0.04080000      0.04080000      0.04080000      0.04080000
      0.08266667      0.08266667      0.07883333      0.07883333      0.07883333      0.07883333      0.07883333      0.07883333
      0.00000000      0.00000000      0.00000000      0.00000000      0.00000000      0.00000000      0.00000000      0.00000000
      5.14000000      5.14000000      5.14000000      5.14000000      5.14000000      5.14000000      5.14000000      5.14000000
      0.00000000      0.00000000      0.00000000      0.00000000      0.00000000      0.00000000      0.00000000      0.00000000
      0.60125000      0.60125000      0.60125000      0.60125000      0.60125000      0.60125000      0.60125000      0.60125000
      0.00000000      0.00000000      0.00000000      0.00000000      0.00000000      0.00000000      0.00000000      0.00000000
      0.00000000      0.00000000      0.00000000      0.00000000      0.00000000      0.00000000      0.00000000      0.00000000
      0.00000000      0.00000000      0.00000000      0.00000000      0.00000000      0.00000000      0.00000000      0.00000000
      0.09793443      0.21952403      0.23549034      0.05658578      0.22566492      0.14133005      0.05822335      0.09670626
      0.58609660      0.46450701      0.44854070      0.62744525      0.45836612      0.54270099      0.62580768      0.58732478
      0.22851368      0.51222273      0.54947746      0.13203349      0.52655147      0.32977011      0.13585449      0.22564793
      1.36755874      1.08384968      1.04659496      1.46403892      1.06952094      1.26630231      1.46021792      1.37042448
      0.00904316      0.01822140      0.01929059      0.00543284      0.01863597      0.01254666      0.00558128      0.00893990
      0.05411951      0.03855600      0.03674297      0.06024150      0.03785301      0.04817862      0.05998980      0.05429459
      0.02110070      0.04251660      0.04501138      0.01267664      0.04348393      0.02927555      0.01302299      0.02085978
      0.12627885      0.08996399      0.08573360      0.14056351      0.08832369      0.11241679      0.13997621      0.12668739
      0.00025165      0.00056409      0.00060512      0.00014540      0.00057987      0.00036316      0.00014961      0.00024850
      0.00150605      0.00119361      0.00115258      0.00161230      0.00117783      0.00139454      0.00160809      0.00150920
      0.00058719      0.00131622      0.00141195      0.00033928      0.00135304      0.00084738      0.00034909      0.00057983
      0.00351411      0.00278508      0.00268935      0.00376202      0.00274826      0.00325392      0.00375221      0.00352147
