point  calculated
0
   7706  !ws108
   8138  !ws121
   8130  !RHD01
   7065  !RHD05
   6768  !RHD07
   6664  !RHD08
   5948  !RHD09
   3656  !RHD10
   7706 0.0300 0.0600 0.0700 0.0900 0.1000 0.1100 0.1200 0.1300 0.1400 0.1500
   8138 0.0300 0.0600 0.0700 0.0900 0.1000 0.1100 0.1200 0.1300 0.1400 0.1500
   8130 0.0300 0.0600 0.0700 0.0900 0.1000 0.1100 0.1200 0.1300 0.1400 0.1500
   7065 0.0300 0.0600 0.0700 0.0900 0.1000 0.1100 0.1200 0.1300 0.1400 0.1500
   6768 0.0300 0.0600 0.0700 0.0900 0.1000 0.1100 0.1200 0.1300 0.1400 0.1500
   6664 0.0300 0.0600 0.0700 0.0900 0.1000 0.1100 0.1200 0.1300 0.1400 0.1500
   5948 0.0300 0.0600 0.0700 0.0900 0.1000 0.1100 0.1200 0.1300 0.1400 0.1500
   3656 0.0300 0.0600 0.0700 0.0900 0.1000 0.1100 0.1200 0.1300 0.1400 0.1500	
       17
	0
0.037941        0.378603        0.164062        0.024499        0.070811        0.049243        0.027406        0.025550
11.68000000	11.68000000	11.68000000	11.68000000	11.68000000	11.68000000	11.68000000	11.68000000	
0.00000000	0.00000000	0.00000000	0.00000000	0.00000000	0.00000000	0.00000000	0.00000000	
0.00000000	0.00000000	0.00000000	0.00000000	0.00000000	0.00000000	0.00000000	0.00000000	
0.13500000      0.13500000      0.13500000      0.13500000      0.13500000      0.13500000      0.13500000     0.13500000     
0.13500000      0.13500000      0.13500000      0.13500000      0.13500000      0.13500000      0.13500000     0.13500000     
0.00000000	0.00000000	0.00000000	0.00000000	0.00000000	0.00000000	0.00000000	0.00000000	
0.00000000	0.00000000	0.00000000	0.00000000	0.00000000	0.00000000	0.00000000	0.00000000	
0.00000000	0.00000000	0.00000000	0.00000000	0.00000000	0.00000000	0.00000000	0.00000000	
0.21933796	0.21933796	0.23831069	0.23242275	0.22250383	0.13815156	0.05671178	0.09449288	
0.47447588	0.47447588	0.51551802	0.44270934	0.45195674	0.53244764	0.60956272	0.57388935	
1.58780000	1.58780000	1.13383000	1.37177374	1.37040930	1.36256355	1.35377635	1.35805897	
1.79050000	1.79050000	1.27857500	1.54689379	1.54535517	1.53650783	1.52659887	1.53142820	
0.05600000	0.05600000	0.06500000	0.06500000	0.06500000	0.06500000	0.06500000	0.06500000	
0.73300000	0.73300000	0.67000000	0.67000000	0.67000000	0.67000000	0.67000000	0.67000000	
0.00000000	0.00000000	0.00000000	0.00000000	0.00000000	0.00000000	0.00000000	0.00000000	
0.01978688	0.01978688	0.02149826	0.01894236	0.01837356	0.01226923	0.00543737	0.00873317	
0.04280334	0.04280334	0.04650543	0.03608063	0.03732095	0.04728665	0.05844321	0.05303968	
0.14323000	0.14323000	0.10228050	0.11179900	0.11316344	0.12100920	0.12979639	0.12551377	
0.16152000	0.16152000	0.11534000	0.12607121	0.12760984	0.13645718	0.14636614	0.14153680	
0.13500000	0.13500000	0.11250000	0.11250000	0.11250000	0.11250000	0.11250000	0.11250000	
0.00006133	0.00006133	0.00084329	0.00091832	0.00088001	0.00054954	0.00022705	0.00037712	
0.00180600	0.00180600	0.02483250	0.02483250	0.02483250	0.02483250	0.02483250	0.02483250	
0.00799000	0.00799000	0.00940000	0.00940000	0.00940000	0.00940000	0.00940000	0.00940000	
0.00901000	0.00901000	0.01060000	0.01060000	0.01060000	0.01060000	0.01060000	0.01060000	
0.12800000	0.12800000	0.10450000	0.10450000	0.10450000	0.10450000	0.10450000	0.10450000	
0.00000000	0.00000000	0.00000000	0.00000000	0.00000000	0.00000000	0.00000000	0.00000000	
9.85000000	9.85000000	9.85000000	9.85000000	9.85000000	9.85000000	9.85000000	9.85000000	
0.00000000	0.00000000	0.00000000	0.00000000	0.00000000	0.00000000	0.00000000	0.00000000	
1.41928571	1.41928571	1.41928571	1.41928571	1.41928571	1.41928571	1.41928571	1.41928571	
0.00000000	0.00000000	0.00000000	0.00000000	0.00000000	0.00000000	0.00000000	0.00000000	
0.00000000	0.00000000	0.00000000	0.00000000	0.00000000	0.00000000	0.00000000	0.00000000	
0.00000000	0.00000000	0.00000000	0.00000000	0.00000000	0.00000000	0.00000000	0.00000000	
0.61256345	0.61256345	0.66555016	0.64910643	0.62140502	0.38582741	0.15838371	0.26389817	
1.32510840	1.32510840	1.43973022	1.23639135	1.26221733	1.48701099	1.70237672	1.60274871	
1.42931471	1.42931471	1.55295038	1.51458166	1.44994505	0.90026396	0.36956199	0.61576240	
3.09191960	3.09191960	3.35937052	2.88491314	2.94517377	3.46969230	3.97221235	3.73974699	
0.05526047	0.05526047	0.06003999	0.05290191	0.05131338	0.03426531	0.01518540	0.02438985	
0.11954046	0.11954046	0.12987960	0.10076539	0.10422934	0.13206137	0.16321924	0.14812835	
0.12894110	0.12894110	0.14009331	0.12343779	0.11973122	0.07995239	0.03543260	0.05690965	
0.27892774	0.27892774	0.30305240	0.23511925	0.24320180	0.30814319	0.38084490	0.34563281	
0.00017128	0.00017128	0.00235512	0.00256467	0.00245766	0.00153474	0.00063411	0.00105321	
0.00037052	0.00037052	0.00509463	0.00488508	0.00499209	0.00591501	0.00681564	0.00639654	
0.00039966	0.00039966	0.00549527	0.00598423	0.00573455	0.00358106	0.00147958	0.00245750	
0.00086454	0.00086454	0.01188748	0.01139852	0.01164820	0.01380169	0.01590317	0.01492525	
	336
0.036599        0.290751        0.118530        0.018814        0.054380        0.037816        0.021047        0.019621
15.48000000	15.48000000	15.48000000	15.48000000	15.48000000	15.48000000	15.48000000	15.48000000	
0.00000000	0.00000000	0.00000000	0.00000000	0.00000000	0.00000000	0.00000000	0.00000000	
0.00000000	0.00000000	0.00000000	0.00000000	0.00000000	0.00000000	0.00000000	0.00000000	
0.82510000      0.82510000      0.82510000      0.82510000      0.82510000      0.82510000      0.82510000     0.82510000      
0.82510000      0.82510000      0.82510000      0.82510000      0.82510000      0.82510000      0.82510000     0.82510000      
0.00000000	0.00000000	0.00000000	0.00000000	0.00000000	0.00000000	0.00000000	0.00000000	
0.00000000	0.00000000	0.00000000	0.00000000	0.00000000	0.00000000	0.00000000	0.00000000	
0.00000000	0.00000000	0.00000000	0.00000000	0.00000000	0.00000000	0.00000000	0.00000000	
0.31187933	0.31187933	0.31469070	0.31821163	0.30463157	0.18914428	0.07764449	0.12937088	
0.67466305	0.67466305	0.68074464	0.60611649	0.61877717	0.72897783	0.83455664	0.78571597	
6.09590000	6.09590000	3.25359000	4.71240039	4.70771317	4.68076097	4.65057466	4.66528659	
6.87410000	6.87410000	3.66894000	5.31398342	5.30869783	5.27830492	5.24426505	5.26085509	
0.03800000	0.03800000	0.04400000	0.04400000	0.04400000	0.04400000	0.04400000	0.04400000	
0.55500000	0.55500000	0.47200000	0.47200000	0.47200000	0.47200000	0.47200000	0.47200000	
0.00000000	0.00000000	0.00000000	0.00000000	0.00000000	0.00000000	0.00000000	0.00000000	
0.02813502	0.02813502	0.02838870	0.02593412	0.02515537	0.01679789	0.00744434	0.01195664	
0.06086219	0.06086219	0.06141094	0.04939825	0.05109638	0.06474048	0.08001502	0.07261700	
0.54992000	0.54992000	0.29351100	0.38405871	0.38874593	0.41569813	0.44588444	0.43117251	
0.62012000	0.62012000	0.33097900	0.43308748	0.43837307	0.46876598	0.50280585	0.48621581	
0.25100000	0.25100000	0.18000000	0.18000000	0.18000000	0.18000000	0.18000000	0.18000000	
0.00036798	0.00036798	0.00036798	0.00040072	0.00038400	0.00023980	0.00009908	0.00016456	
0.01083600	0.01083600	0.01083600	0.01083600	0.01083600	0.01083600	0.01083600	0.01083600	
0.07520000	0.07520000	0.04841000	0.04841000	0.04841000	0.04841000	0.04841000	0.04841000	
0.08480000	0.08480000	0.05459000	0.05459000	0.05459000	0.05459000	0.05459000	0.05459000	
0.24200000	0.24200000	0.16600000	0.16600000	0.16600000	0.16600000	0.16600000	0.16600000	
0.00000000	0.00000000	0.00000000	0.00000000	0.00000000	0.00000000	0.00000000	0.00000000	
10.16000000	10.16000000	10.16000000	10.16000000	10.16000000	10.16000000	10.16000000	10.16000000	
0.00000000	0.00000000	0.00000000	0.00000000	0.00000000	0.00000000	0.00000000	0.00000000	
1.75357143	1.75357143	1.75357143	1.75357143	1.75357143	1.75357143	1.75357143	1.75357143	
0.00000000	0.00000000	0.00000000	0.00000000	0.00000000	0.00000000	0.00000000	0.00000000	
0.00000000	0.00000000	0.00000000	0.00000000	0.00000000	0.00000000	0.00000000	0.00000000	
0.00000000	0.00000000	0.00000000	0.00000000	0.00000000	0.00000000	0.00000000	0.00000000	
0.87101146	0.87101146	0.87886299	0.88869620	0.85077001	0.52823904	0.21684426	0.36130485	
1.88418783	1.88418783	1.90117241	1.69275214	1.72811068	2.03587726	2.33073601	2.19433459	
2.03236006	2.03236006	2.05068031	2.07362447	1.98513003	1.23255775	0.50596994	0.84304465	
4.39643827	4.39643827	4.43606896	3.94975499	4.03225824	4.75038027	5.43838402	5.12011405	
0.07857502	0.07857502	0.07928348	0.07242838	0.07025351	0.04691288	0.02079044	0.03339232	
0.16997492	0.16997492	0.17150747	0.13795861	0.14270113	0.18080615	0.22346462	0.20280357	
0.18334172	0.18334172	0.18499479	0.16899955	0.16392486	0.10946339	0.04851102	0.07791540	
0.39660814	0.39660814	0.40018411	0.32190342	0.33296930	0.42188102	0.52141745	0.47320832	
0.00102769	0.00102769	0.00102769	0.00111913	0.00107244	0.00066970	0.00027670	0.00045958	
0.00222311	0.00222311	0.00222311	0.00213167	0.00217836	0.00258110	0.00297410	0.00279122	
0.00239794	0.00239794	0.00239794	0.00261130	0.00250235	0.00156264	0.00064564	0.00107236	
0.00518726	0.00518726	0.00518726	0.00497390	0.00508285	0.00602256	0.00693956	0.00651284	
	672
0.022887        0.181218        0.073801        0.011727        0.033894        0.023570        0.013118        0.012229
18.46000000	18.46000000	18.46000000	18.46000000	18.46000000	18.46000000	18.46000000	18.46000000	
0.00000000	0.00000000	0.00000000	0.00000000	0.00000000	0.00000000	0.00000000	0.00000000	
0.00000000	0.00000000	0.00000000	0.00000000	0.00000000	0.00000000	0.00000000	0.00000000	
0.74780000      0.74780000      0.74780000      0.74780000      0.74780000      0.74780000      0.74780000     0.74780000      
0.74780000      0.74780000      0.74780000      0.74780000      0.74780000      0.74780000      0.74780000     0.74780000      
0.00000000	0.00000000	0.00000000	0.00000000	0.00000000	0.00000000	0.00000000	0.00000000	
0.00000000	0.00000000	0.00000000	0.00000000	0.00000000	0.00000000	0.00000000	0.00000000	
0.00000000	0.00000000	0.00000000	0.00000000	0.00000000	0.00000000	0.00000000	0.00000000	
0.33744656	0.33744656	0.39923801	0.37413473	0.35816808	0.22238485	0.09128988	0.15210675	
0.72997054	0.72997054	0.86363894	0.71263652	0.72752221	0.85708974	0.98122316	0.92379914	
1.36320000	1.36320000	1.19225000	1.28800713	1.28672601	1.27935935	1.27110874	1.27512985	
1.53720000	1.53720000	1.34445000	1.45243357	1.45098890	1.44268182	1.43337794	1.43791238	
0.04800000	0.04800000	0.06250000	0.06250000	0.06250000	0.06250000	0.06250000	0.06250000	
0.48600000	0.48600000	0.42750000	0.42750000	0.42750000	0.42750000	0.42750000	0.42750000	
0.00000000	0.00000000	0.00000000	0.00000000	0.00000000	0.00000000	0.00000000	0.00000000	
0.03044152	0.03044152	0.03601560	0.03049183	0.02957622	0.01974999	0.00875263	0.01405793	
0.06585164	0.06585164	0.07790959	0.05807959	0.06007615	0.07611809	0.09407700	0.08537885	
0.12297000	0.12297000	0.10755100	0.10497206	0.10625318	0.11361984	0.12187044	0.11784934	
0.13867000	0.13867000	0.12128000	0.11837274	0.11981742	0.12812450	0.13742837	0.13289394	
0.09500000	0.09500000	0.11400000	0.11400000	0.11400000	0.11400000	0.11400000	0.11400000	
0.00009199	0.00009199	0.00018399	0.00020036	0.00019200	0.00011990	0.00004954	0.00008228	
0.00270900	0.00270900	0.00541800	0.00541800	0.00541800	0.00541800	0.00541800	0.00541800	
0.01786000	0.01786000	0.01621500	0.01621500	0.01621500	0.01621500	0.01621500	0.01621500	
0.02014000	0.02014000	0.01828500	0.01828500	0.01828500	0.01828500	0.01828500	0.01828500	
0.08700000	0.08700000	0.10150000	0.10150000	0.10150000	0.10150000	0.10150000	0.10150000	
0.00000000	0.00000000	0.00000000	0.00000000	0.00000000	0.00000000	0.00000000	0.00000000	
8.14000000	8.14000000	8.14000000	8.14000000	8.14000000	8.14000000	8.14000000	8.14000000	
0.00000000	0.00000000	0.00000000	0.00000000	0.00000000	0.00000000	0.00000000	0.00000000	
1.67714286	1.67714286	1.67714286	1.67714286	1.67714286	1.67714286	1.67714286	1.67714286	
0.00000000	0.00000000	0.00000000	0.00000000	0.00000000	0.00000000	0.00000000	0.00000000	
0.00000000	0.00000000	0.00000000	0.00000000	0.00000000	0.00000000	0.00000000	0.00000000	
0.00000000	0.00000000	0.00000000	0.00000000	0.00000000	0.00000000	0.00000000	0.00000000	
0.94241519	0.94241519	1.11498534	1.04487731	1.00028591	0.62107274	0.25495287	0.42480123	
2.03864968	2.03864968	2.41195658	1.99023953	2.03181204	2.39366609	2.74034386	2.57997101	
2.19896877	2.19896877	2.60163246	2.43804706	2.33400045	1.44916973	0.59489003	0.99120288	
4.75684926	4.75684926	5.62789868	4.64389223	4.74089475	5.58522087	6.39413567	6.01993235	
0.08501657	0.08501657	0.10058376	0.08515708	0.08259999	0.05515744	0.02444419	0.03926074	
0.18390938	0.18390938	0.21758463	0.16220371	0.16777969	0.21258136	0.26273671	0.23844464	
0.19837199	0.19837199	0.23469545	0.19869984	0.19273332	0.12870069	0.05703644	0.09160840	
0.42912190	0.42912190	0.50769747	0.37847532	0.39148594	0.49602317	0.61305232	0.55637083	
0.00025692	0.00025692	0.00051384	0.00055956	0.00053622	0.00033485	0.00013835	0.00022979	
0.00055578	0.00055578	0.00111156	0.00106584	0.00108918	0.00129055	0.00148705	0.00139561	
0.00059948	0.00059948	0.00119897	0.00130565	0.00125117	0.00078132	0.00032282	0.00053618	
0.00129682	0.00129682	0.00259363	0.00248695	0.00254143	0.00301128	0.00346978	0.00325642	
	1008
0.014867        0.111986        0.044883        0.007247        0.020945        0.014565        0.008106        0.007557
20.90000000	20.90000000	20.90000000	20.90000000	20.90000000	20.90000000	20.90000000	20.90000000	
0.00000000	0.00000000	0.00000000	0.00000000	0.00000000	0.00000000	0.00000000	0.00000000	
0.00000000	0.00000000	0.00000000	0.00000000	0.00000000	0.00000000	0.00000000	0.00000000	
2.26130000      2.26130000      2.26130000      2.26130000      2.26130000      2.26130000      2.26130000     2.26130000     
2.26130000      2.26130000      2.26130000      2.26130000      2.26130000      2.26130000      2.26130000     2.26130000     
0.00000000	0.00000000	0.00000000	0.00000000	0.00000000	0.00000000	0.00000000	0.00000000	
0.00000000	0.00000000	0.00000000	0.00000000	0.00000000	0.00000000	0.00000000	0.00000000	
0.00000000	0.00000000	0.00000000	0.00000000	0.00000000	0.00000000	0.00000000	0.00000000	
0.35412524	0.35412524	0.38499413	0.37537121	0.35935179	0.22311981	0.09159158	0.15260945	
0.76605016	0.76605016	0.83282632	0.71499171	0.72992660	0.85992234	0.98446600	0.92685221	
0.78462000	0.78462000	1.69856000	1.25158939	1.25034449	1.24318613	1.23516880	1.23907621	
0.88478000	0.88478000	1.91539000	1.41136676	1.40996294	1.40189074	1.39284992	1.39725615	
0.12900000	0.12900000	0.15950000	0.15950000	0.15950000	0.15950000	0.15950000	0.15950000	
0.39800000	0.39800000	0.28750000	0.28750000	0.28750000	0.28750000	0.28750000	0.28750000	
0.00000000	0.00000000	0.00000000	0.00000000	0.00000000	0.00000000	0.00000000	0.00000000	
0.03194616	0.03194616	0.03473038	0.03059260	0.02967397	0.01981526	0.00878155	0.01410439	
0.06910650	0.06910650	0.07512939	0.05827153	0.06027470	0.07636966	0.09438792	0.08566102	
0.07078100	0.07078100	0.15323050	0.10200403	0.10324893	0.11040729	0.11842462	0.11451721	
0.07981700	0.07981700	0.17279350	0.11502582	0.11642964	0.12450184	0.13354266	0.12913643	
0.12500000	0.12500000	0.15450000	0.15450000	0.15450000	0.15450000	0.15450000	0.15450000	
0.00030665	0.00030665	0.00038331	0.00041742	0.00040000	0.00024979	0.00010321	0.00017142	
0.00903000	0.00903000	0.01128750	0.01128750	0.01128750	0.01128750	0.01128750	0.01128750	
0.00000000	0.00000000	0.00940000	0.00940000	0.00940000	0.00940000	0.00940000	0.00940000	
0.00000000	0.00000000	0.01060000	0.01060000	0.01060000	0.01060000	0.01060000	0.01060000	
0.11500000	0.11500000	0.14000000	0.14000000	0.14000000	0.14000000	0.14000000	0.14000000	
0.00000000	0.00000000	0.00000000	0.00000000	0.00000000	0.00000000	0.00000000	0.00000000	
9.76000000	9.76000000	9.76000000	9.76000000	9.76000000	9.76000000	9.76000000	9.76000000	
0.00000000	0.00000000	0.00000000	0.00000000	0.00000000	0.00000000	0.00000000	0.00000000	
2.19571429	2.19571429	2.19571429	2.19571429	2.19571429	2.19571429	2.19571429	2.19571429	
0.00000000	0.00000000	0.00000000	0.00000000	0.00000000	0.00000000	0.00000000	0.00000000	
0.00000000	0.00000000	0.00000000	0.00000000	0.00000000	0.00000000	0.00000000	0.00000000	
0.00000000	0.00000000	0.00000000	0.00000000	0.00000000	0.00000000	0.00000000	0.00000000	
0.98899513	0.98899513	1.07520527	1.04833053	1.00359175	0.62312532	0.25579546	0.42620516	
2.13941225	2.13941225	2.32590360	1.99681707	2.03852697	2.40157691	2.74940042	2.58849755	
2.30765529	2.30765529	2.50881229	2.44610456	2.34171408	1.45395909	0.59685608	0.99447870	
4.99196193	4.99196193	5.42710840	4.65923983	4.75656293	5.60367947	6.41526764	6.03982762	
0.08921870	0.08921870	0.09699444	0.08543851	0.08287298	0.05533973	0.02452497	0.03939050	
0.19299951	0.19299951	0.20982013	0.16273978	0.16833418	0.21328392	0.26360503	0.23923268	
0.20817696	0.20817696	0.22632035	0.19935652	0.19337028	0.12912603	0.05722494	0.09191116	
0.45033218	0.45033218	0.48958030	0.37972615	0.39277976	0.49766247	0.61507839	0.55820958	
0.00085641	0.00085641	0.00107051	0.00116576	0.00111712	0.00069761	0.00028823	0.00047873	
0.00185259	0.00185259	0.00231574	0.00222049	0.00226913	0.00268864	0.00309802	0.00290752	
0.00199828	0.00199828	0.00249785	0.00272011	0.00260661	0.00162775	0.00067254	0.00111704	
0.00432272	0.00432272	0.00540340	0.00518114	0.00529464	0.00627350	0.00722871	0.00678421	
	1320
0.029352        0.251741        0.104964        0.016290        0.047084        0.032743        0.018223        0.016988
19.02000000	19.02000000	19.02000000	19.02000000	19.02000000	19.02000000	19.02000000	19.02000000	
0.00000000	0.00000000	0.00000000	0.00000000	0.00000000	0.00000000	0.00000000	0.00000000	
0.00000000	0.00000000	0.00000000	0.00000000	0.00000000	0.00000000	0.00000000	0.00000000	
1.08550000      1.08550000      1.08550000      1.08550000      1.08550000      1.08550000      1.08550000     1.08550000     
1.08550000      1.08550000      1.08550000      1.08550000      1.08550000      1.08550000      1.08550000     1.08550000     
0.00000000	0.00000000	0.00000000	0.00000000	0.00000000	0.00000000	0.00000000	0.00000000	
0.00000000	0.00000000	0.00000000	0.00000000	0.00000000	0.00000000	0.00000000	0.00000000	
0.00000000	0.00000000	0.00000000	0.00000000	0.00000000	0.00000000	0.00000000	0.00000000	
0.27928498	0.27928498	0.35755699	0.32327587	0.30947968	0.19215446	0.07888018	0.13142977	
0.60415435	0.60415435	0.77347378	0.61576265	0.62862482	0.74057928	0.84783834	0.79822039	
0.82981137	0.82981137	1.78365569	1.31297363	1.31166768	1.30415823	1.29574769	1.29984674	
0.93574474	0.93574474	2.01137237	1.48058729	1.47911461	1.47064651	1.46116229	1.46578462	
0.12900000	0.12900000	0.13400000	0.13400000	0.13400000	0.13400000	0.13400000	0.13400000	
0.51900000	0.51900000	0.46800000	0.46800000	0.46800000	0.46800000	0.46800000	0.46800000	
0.00000000	0.00000000	0.00000000	0.00000000	0.00000000	0.00000000	0.00000000	0.00000000	
0.02311254	0.02311254	0.03121512	0.02634685	0.02555571	0.01706523	0.00756282	0.01214693	
0.04999746	0.04999746	0.06752512	0.05018440	0.05190956	0.06577081	0.08128843	0.07377268	
0.06867196	0.06867196	0.15781598	0.10700682	0.10831277	0.11582222	0.12423276	0.12013371	
0.07743859	0.07743859	0.17795930	0.12066726	0.12213994	0.13060804	0.14009226	0.13546993	
0.13300000	0.13300000	0.12950000	0.12950000	0.12950000	0.12950000	0.12950000	0.12950000	
0.00016355	0.00016355	0.00015844	0.00017253	0.00016533	0.00010325	0.00004266	0.00007085	
0.00481600	0.00481600	0.00466550	0.00466550	0.00466550	0.00466550	0.00466550	0.00466550	
0.01018333	0.01018333	0.01684167	0.01684167	0.01684167	0.01684167	0.01684167	0.01684167	
0.01148333	0.01148333	0.01899167	0.01899167	0.01899167	0.01899167	0.01899167	0.01899167	
0.12100000	0.12100000	0.11800000	0.11800000	0.11800000	0.11800000	0.11800000	0.11800000	
0.00000000	0.00000000	0.00000000	0.00000000	0.00000000	0.00000000	0.00000000	0.00000000	
8.63000000	8.63000000	8.63000000	8.63000000	8.63000000	8.63000000	8.63000000	8.63000000	
0.00000000	0.00000000	0.00000000	0.00000000	0.00000000	0.00000000	0.00000000	0.00000000	
1.88142857	1.88142857	1.88142857	1.88142857	1.88142857	1.88142857	1.88142857	1.88142857	
0.00000000	0.00000000	0.00000000	0.00000000	0.00000000	0.00000000	0.00000000	0.00000000	
0.00000000	0.00000000	0.00000000	0.00000000	0.00000000	0.00000000	0.00000000	0.00000000	
0.00000000	0.00000000	0.00000000	0.00000000	0.00000000	0.00000000	0.00000000	0.00000000	
0.77998249	0.77998249	0.99857925	0.90283952	0.86430975	0.53664579	0.22029527	0.36705490	
1.68727231	1.68727231	2.16014481	1.71969176	1.75561302	2.06827761	2.36782894	2.22925674	
1.81995913	1.81995913	2.33001826	2.10662555	2.01672275	1.25217352	0.51402229	0.85646144	
3.93696872	3.93696872	5.04033790	4.01261411	4.09643037	4.82598109	5.52493420	5.20159907	
0.06454832	0.06454832	0.08717708	0.07358105	0.07137157	0.04765948	0.02112131	0.03392374	
0.13963209	0.13963209	0.18858305	0.14015418	0.14497217	0.18368362	0.22702099	0.20603112	
0.15061274	0.15061274	0.20341319	0.17168912	0.16653367	0.11120546	0.04928306	0.07915540	
0.32580821	0.32580821	0.44002711	0.32702641	0.33826840	0.42859512	0.52971565	0.48073929	
0.00045675	0.00045675	0.00044248	0.00048185	0.00046174	0.00028834	0.00011914	0.00019788	
0.00098805	0.00098805	0.00095717	0.00091780	0.00093791	0.00111131	0.00128051	0.00120177	
0.00106575	0.00106575	0.00103245	0.00112431	0.00107740	0.00067280	0.00027798	0.00046171	
0.00230545	0.00230545	0.00223340	0.00214154	0.00218845	0.00259305	0.00298787	0.00280414	
	1656
0.010203        0.172763        0.081974        0.011179        0.032312        0.022470        0.012506        0.011659
25.48000000	25.48000000	25.48000000	25.48000000	25.48000000	25.48000000	25.48000000	25.48000000	
0.00000000	0.00000000	0.00000000	0.00000000	0.00000000	0.00000000	0.00000000	0.00000000	
0.00000000	0.00000000	0.00000000	0.00000000	0.00000000	0.00000000	0.00000000	0.00000000	
2.06910000      2.06910000      2.06910000      2.06910000      2.06910000      2.06910000      2.06910000     2.06910000      
2.06910000      2.06910000      2.06910000      2.06910000      2.06910000      2.06910000      2.06910000     2.06910000      
0.00000000	0.00000000	0.00000000	0.00000000	0.00000000	0.00000000	0.00000000	0.00000000	
0.00000000	0.00000000	0.00000000	0.00000000	0.00000000	0.00000000	0.00000000	0.00000000	
0.00000000	0.00000000	0.00000000	0.00000000	0.00000000	0.00000000	0.00000000	0.00000000	
0.37589124	0.37589124	0.39941945	0.39375142	0.37694760	0.23404497	0.09607640	0.16008204	
0.81313476	0.81313476	0.86403142	0.75000159	0.76566777	0.90202880	1.03267080	0.97223592	
4.09980000	4.09980000	4.84003333	4.50593530	4.50145345	4.47568210	4.44681836	4.46088570	
4.62320000	4.62320000	5.45793333	5.08116108	5.07610708	5.04704578	5.01449730	5.03036047	
0.11000000	0.11000000	0.11216667	0.11216667	0.11216667	0.11216667	0.11216667	0.11216667	
0.40100000	0.40100000	0.31900000	0.31900000	0.31900000	0.31900000	0.31900000	0.31900000	
0.00000000	0.00000000	0.00000000	0.00000000	0.00000000	0.00000000	0.00000000	0.00000000	
0.03390994	0.03390994	0.03603257	0.03209058	0.03112697	0.02078552	0.00921154	0.01479501	
0.07335460	0.07335460	0.07794631	0.06112482	0.06322607	0.08010913	0.09900966	0.08985545	
0.36985000	0.36985000	0.43662667	0.36723189	0.37171374	0.39748509	0.42634884	0.41228149	
0.41707000	0.41707000	0.49236833	0.41411256	0.41916656	0.44822787	0.48077635	0.46491317	
0.24600000	0.24600000	0.22700000	0.22700000	0.22700000	0.22700000	0.22700000	0.22700000	
0.00110394	0.00110394	0.00100683	0.00109642	0.00105067	0.00065611	0.00027109	0.00045026	
0.03250800	0.03250800	0.02964850	0.02964850	0.02964850	0.02964850	0.02964850	0.02964850	
0.04230000	0.04230000	0.03431000	0.03431000	0.03431000	0.03431000	0.03431000	0.03431000	
0.04770000	0.04770000	0.03869000	0.03869000	0.03869000	0.03869000	0.03869000	0.03869000	
0.23300000	0.23300000	0.21533333	0.21533333	0.21533333	0.21533333	0.21533333	0.21533333	
0.00000000	0.00000000	0.00000000	0.00000000	0.00000000	0.00000000	0.00000000	0.00000000	
8.03000000	8.03000000	8.03000000	8.03000000	8.03000000	8.03000000	8.03000000	8.03000000	
0.00000000	0.00000000	0.00000000	0.00000000	0.00000000	0.00000000	0.00000000	0.00000000	
2.09857143	2.09857143	2.09857143	2.09857143	2.09857143	2.09857143	2.09857143	2.09857143	
0.00000000	0.00000000	0.00000000	0.00000000	0.00000000	0.00000000	0.00000000	0.00000000	
0.00000000	0.00000000	0.00000000	0.00000000	0.00000000	0.00000000	0.00000000	0.00000000	
0.00000000	0.00000000	0.00000000	0.00000000	0.00000000	0.00000000	0.00000000	0.00000000	
1.04978285	1.04978285	1.11549205	1.09966247	1.05273304	0.65363692	0.26832060	0.44707447	
2.27090935	2.27090935	2.41305269	2.09459206	2.13834431	2.51917114	2.88402597	2.71524443	
2.44949331	2.44949331	2.60281478	2.56587911	2.45637710	1.52515281	0.62608140	1.04317377	
5.29878849	5.29878849	5.63045629	4.88738147	4.98947005	5.87806600	6.72939394	6.33557034	
0.09470312	0.09470312	0.10063117	0.08962204	0.08693089	0.05804946	0.02572585	0.04131927	
0.20486352	0.20486352	0.21768717	0.17070840	0.17657674	0.22372746	0.27651256	0.25094681	
0.22097395	0.22097395	0.23480605	0.20911810	0.20283874	0.13544874	0.06002698	0.09641162	
0.47801487	0.47801487	0.50793673	0.39831960	0.41201239	0.52203073	0.64519597	0.58554255	
0.00308306	0.00308306	0.00281187	0.00306206	0.00293430	0.00183239	0.00075708	0.00125747	
0.00666934	0.00666934	0.00608268	0.00583249	0.00596025	0.00706216	0.00813747	0.00763708	
0.00719381	0.00719381	0.00656102	0.00714481	0.00684671	0.00427557	0.00176653	0.00293410	
0.01556179	0.01556179	0.01419293	0.01360914	0.01390724	0.01647838	0.01898742	0.01781985	
	2136
0.012667        0.054947        0.016650        0.003556        0.010277        0.007147        0.003977        0.003708
26.06000000	26.06000000	26.06000000	26.06000000	26.06000000	26.06000000	26.06000000	26.06000000	
0.00000000	0.00000000	0.00000000	0.00000000	0.00000000	0.00000000	0.00000000	0.00000000	
0.00000000	0.00000000	0.00000000	0.00000000	0.00000000	0.00000000	0.00000000	0.00000000	
2.89790000      2.89790000      2.89790000      2.89790000      2.89790000      2.89790000      2.89790000     2.89790000      
2.89790000      2.89790000      2.89790000      2.89790000      2.89790000      2.89790000      2.89790000     2.89790000      
0.00000000	0.00000000	0.00000000	0.00000000	0.00000000	0.00000000	0.00000000	0.00000000	
0.00000000	0.00000000	0.00000000	0.00000000	0.00000000	0.00000000	0.00000000	0.00000000	
0.00000000	0.00000000	0.00000000	0.00000000	0.00000000	0.00000000	0.00000000	0.00000000	
0.44612016	0.44612016	0.46444095	0.46244029	0.44270509	0.27487348	0.11283667	0.18800792	
0.96505524	0.96505524	1.00468710	0.88083734	0.89923644	1.05938528	1.21281743	1.14183984	
13.28700000	13.28700000	11.90800000	12.69884743	12.68621645	12.61358639	12.53224117	12.57188645	
14.98300000	14.98300000	13.42800000	14.31997689	14.30573345	14.22383146	14.13210174	14.17680813	
0.09400000	0.09400000	0.09000000	0.09000000	0.09000000	0.09000000	0.09000000	0.09000000	
0.28300000	0.28300000	0.20950000	0.20950000	0.20950000	0.20950000	0.20950000	0.20950000	
0.00000000	0.00000000	0.00000000	0.00000000	0.00000000	0.00000000	0.00000000	0.00000000	
0.04024502	0.04024502	0.04189709	0.03768870	0.03655699	0.02441150	0.01081847	0.01737596	
0.08705875	0.08705875	0.09063255	0.07178788	0.07425569	0.09408395	0.11628163	0.10553048	
1.19860000	1.19860000	1.07419500	1.03495089	1.04758187	1.12021194	1.20155716	1.16191187	
1.35160000	1.35160000	1.21130000	1.16707228	1.18131573	1.26321771	1.35494743	1.31024105	
0.44300000	0.44300000	0.43550000	0.43550000	0.43550000	0.43550000	0.43550000	0.43550000	
0.00119593	0.00119593	0.00116527	0.00126895	0.00121601	0.00075936	0.00031374	0.00052111	
0.03521700	0.03521700	0.03431400	0.03431400	0.03431400	0.03431400	0.03431400	0.03431400	
0.08460000	0.08460000	0.06063000	0.06063000	0.06063000	0.06063000	0.06063000	0.06063000	
0.09540000	0.09540000	0.06837000	0.06837000	0.06837000	0.06837000	0.06837000	0.06837000	
0.42700000	0.42700000	0.41950000	0.41950000	0.41950000	0.41950000	0.41950000	0.41950000	
0.00000000	0.00000000	0.00000000	0.00000000	0.00000000	0.00000000	0.00000000	0.00000000	
7.37000000	7.37000000	7.37000000	7.37000000	7.37000000	7.37000000	7.37000000	7.37000000	
0.00000000	0.00000000	0.00000000	0.00000000	0.00000000	0.00000000	0.00000000	0.00000000	
2.68714286	2.68714286	2.68714286	2.68714286	2.68714286	2.68714286	2.68714286	2.68714286	
0.00000000	0.00000000	0.00000000	0.00000000	0.00000000	0.00000000	0.00000000	0.00000000	
0.00000000	0.00000000	0.00000000	0.00000000	0.00000000	0.00000000	0.00000000	0.00000000	
0.00000000	0.00000000	0.00000000	0.00000000	0.00000000	0.00000000	0.00000000	0.00000000	
1.24591702	1.24591702	1.29708301	1.29149562	1.23637948	0.76766211	0.31512840	0.52506541	
2.69519036	2.69519036	2.80587357	2.45998798	2.51137269	2.95863374	3.38713651	3.18891148	
2.90713971	2.90713971	3.02652703	3.01348978	2.88488545	1.79121159	0.73529960	1.22515262	
6.28877751	6.28877751	6.54703834	5.73997196	5.85986961	6.90347873	7.90331852	7.44079346	
0.11239562	0.11239562	0.11700951	0.10525637	0.10209575	0.06817603	0.03021365	0.04852730	
0.24313625	0.24313625	0.25311710	0.20048802	0.20738007	0.26275610	0.32474943	0.29472380	
0.26225645	0.26225645	0.27302219	0.24559819	0.23822341	0.15907741	0.07049852	0.11323037	
0.56731792	0.56731792	0.59060656	0.46780538	0.48388684	0.61309758	0.75774866	0.68768886	
0.00333998	0.00333998	0.00325434	0.00354391	0.00339605	0.00212073	0.00087622	0.00145535	
0.00722512	0.00722512	0.00703986	0.00675029	0.00689815	0.00817347	0.00941798	0.00883885	
0.00779330	0.00779330	0.00759347	0.00826912	0.00792411	0.00494837	0.00204451	0.00339581	
0.01685860	0.01685860	0.01642633	0.01575068	0.01609569	0.01907143	0.02197529	0.02062399	
	2496
0.074718        0.549544        0.218490        0.035561        0.102782        0.071476        0.039780        0.037085
29.50000000	29.50000000	29.50000000	29.50000000	29.50000000	29.50000000	29.50000000	29.50000000	
0.00000000	0.00000000	0.00000000	0.00000000	0.00000000	0.00000000	0.00000000	0.00000000	
0.00000000	0.00000000	0.00000000	0.00000000	0.00000000	0.00000000	0.00000000	0.00000000	
3.97170000      3.97170000      3.97170000      3.97170000      3.97170000      3.97170000      3.97170000     3.97170000      
3.97170000      3.97170000      3.97170000      3.97170000      3.97170000      3.97170000      3.97170000     3.97170000      
0.00000000	0.00000000	0.00000000	0.00000000	0.00000000	0.00000000	0.00000000	0.00000000	
0.00000000	0.00000000	0.00000000	0.00000000	0.00000000	0.00000000	0.00000000	0.00000000	
0.00000000	0.00000000	0.00000000	0.00000000	0.00000000	0.00000000	0.00000000	0.00000000	
0.38740287	0.38740287	0.34640656	0.37267457	0.35677024	0.22151693	0.09093360	0.15151312	
0.83803693	0.83803693	0.74935297	0.70985527	0.72468287	0.85374472	0.97739368	0.92019378	
6.25020000	6.25020000	6.91690000	6.63659263	6.62999151	6.59203403	6.54952190	6.57024107	
7.04810000	7.04810000	7.79995000	7.48381722	7.47637340	7.43357029	7.38563108	7.40899525	
0.13000000	0.13000000	0.08900000	0.08900000	0.08900000	0.08900000	0.08900000	0.08900000	
0.23300000	0.23300000	0.12100000	0.12100000	0.12100000	0.12100000	0.12100000	0.12100000	
0.00000000	0.00000000	0.00000000	0.00000000	0.00000000	0.00000000	0.00000000	0.00000000	
0.03494734	0.03494734	0.03124931	0.03037283	0.02946080	0.01967291	0.00871847	0.01400306	
0.07559871	0.07559871	0.06759907	0.05785292	0.05984169	0.07582102	0.09370984	0.08504564	
0.56384000	0.56384000	0.62398500	0.54087959	0.54748072	0.58543819	0.62795033	0.60723115	
0.63582000	0.63582000	0.70364000	0.60992805	0.61737187	0.66017498	0.70811420	0.68475002	
0.40500000	0.40500000	0.28750000	0.28750000	0.28750000	0.28750000	0.28750000	0.28750000	
0.00082795	0.00082795	0.00105794	0.00115207	0.00110401	0.00068942	0.00028485	0.00047311	
0.02438100	0.02438100	0.03115350	0.03115350	0.03115350	0.03115350	0.03115350	0.03115350	
0.09494000	0.09494000	0.09658500	0.09658500	0.09658500	0.09658500	0.09658500	0.09658500	
0.10706000	0.10706000	0.10891500	0.10891500	0.10891500	0.10891500	0.10891500	0.10891500	
0.39000000	0.39000000	0.27450000	0.27450000	0.27450000	0.27450000	0.27450000	0.27450000	
0.00000000	0.00000000	0.00000000	0.00000000	0.00000000	0.00000000	0.00000000	0.00000000	
9.07000000	9.07000000	9.07000000	9.07000000	9.07000000	9.07000000	9.07000000	9.07000000	
0.00000000	0.00000000	0.00000000	0.00000000	0.00000000	0.00000000	0.00000000	0.00000000	
3.21857143	3.21857143	3.21857143	3.21857143	3.21857143	3.21857143	3.21857143	3.21857143	
0.00000000	0.00000000	0.00000000	0.00000000	0.00000000	0.00000000	0.00000000	0.00000000	
0.00000000	0.00000000	0.00000000	0.00000000	0.00000000	0.00000000	0.00000000	0.00000000	
0.00000000	0.00000000	0.00000000	0.00000000	0.00000000	0.00000000	0.00000000	0.00000000	
1.08193234	1.08193234	0.96743852	1.04079941	0.99638203	0.61864884	0.25395785	0.42314333	
2.34045572	2.34045572	2.09278062	1.98247210	2.02388236	2.38432418	2.72964895	2.56990200	
2.52450879	2.52450879	2.25735655	2.42853195	2.32489140	1.44351396	0.59256832	0.98733445	
5.46106335	5.46106335	4.88315478	4.62576823	4.72239217	5.56342309	6.36918089	5.99643800	
0.09760034	0.09760034	0.08727256	0.08482473	0.08227762	0.05494217	0.02434879	0.03910752	
0.21113084	0.21113084	0.18878958	0.16157067	0.16712489	0.21175170	0.26171131	0.23751405	
0.22773414	0.22773414	0.20363596	0.19792436	0.19198112	0.12819840	0.05681384	0.09125087	
0.49263863	0.49263863	0.44050902	0.37699823	0.38995807	0.49408731	0.61065972	0.55419945	
0.00231230	0.00231230	0.00295460	0.00321750	0.00308325	0.00192540	0.00079551	0.00132130	
0.00500200	0.00500200	0.00639145	0.00612855	0.00626280	0.00742065	0.00855054	0.00802475	
0.00539536	0.00539536	0.00689407	0.00750749	0.00719425	0.00449260	0.00185620	0.00308304	
0.01167134	0.01167134	0.01491338	0.01429996	0.01461320	0.01731485	0.01995125	0.01872441	
	2832
0.005771        0.032686        0.011668        0.002115        0.006113        0.004251        0.002366        0.002206
29.60000000	29.60000000	29.60000000	29.60000000	29.60000000	29.60000000	29.60000000	29.60000000	
0.00000000	0.00000000	0.00000000	0.00000000	0.00000000	0.00000000	0.00000000	0.00000000	
0.00000000	0.00000000	0.00000000	0.00000000	0.00000000	0.00000000	0.00000000	0.00000000	
2.30920000      2.30920000      2.30920000      2.30920000      2.30920000      2.30920000      2.30920000     2.30920000     
2.30920000      2.30920000      2.30920000      2.30920000      2.30920000      2.30920000      2.30920000     2.30920000     
0.00000000	0.00000000	0.00000000	0.00000000	0.00000000	0.00000000	0.00000000	0.00000000	
0.00000000	0.00000000	0.00000000	0.00000000	0.00000000	0.00000000	0.00000000	0.00000000	
0.00000000	0.00000000	0.00000000	0.00000000	0.00000000	0.00000000	0.00000000	0.00000000	
0.45759806	0.45759806	0.47150462	0.47185678	0.45171972	0.28047061	0.11513432	0.19183625	
0.98988444	0.98988444	1.01996738	0.89877347	0.91754723	1.08095712	1.23751354	1.16509067	
10.39300000	10.39300000	7.69325000	9.11569689	9.10662991	9.05449340	8.99610082	9.02455966	
11.71900000	11.71900000	8.67500000	10.27940288	10.26917841	10.21038617	10.14453923	10.17663111	
0.14900000	0.14900000	0.18850000	0.18850000	0.18850000	0.18850000	0.18850000	0.18850000	
0.26600000	0.26600000	0.16800000	0.16800000	0.16800000	0.16800000	0.16800000	0.16800000	
0.00000000	0.00000000	0.00000000	0.00000000	0.00000000	0.00000000	0.00000000	0.00000000	
0.04128057	0.04128057	0.04253538	0.03845614	0.03730138	0.02490858	0.01103877	0.01772978	
0.08929889	0.08929889	0.09201332	0.07324967	0.07576773	0.09599974	0.11864943	0.10767936	
0.93754000	0.93754000	0.69400500	0.74292558	0.75199256	0.80412908	0.86252165	0.83406282	
1.05720000	1.05720000	0.78259000	0.83776715	0.84799161	0.90678385	0.97263080	0.94053892	
0.36600000	0.36600000	0.28850000	0.28850000	0.28850000	0.28850000	0.28850000	0.28850000	
0.00095061	0.00095061	0.00111927	0.00121886	0.00116801	0.00072939	0.00030136	0.00050054	
0.02799300	0.02799300	0.03295950	0.03295950	0.03295950	0.03295950	0.03295950	0.03295950	
0.18471000	0.18471000	0.11985000	0.11985000	0.11985000	0.11985000	0.11985000	0.11985000	
0.20829000	0.20829000	0.13515000	0.13515000	0.13515000	0.13515000	0.13515000	0.13515000	
0.34500000	0.34500000	0.26350000	0.26350000	0.26350000	0.26350000	0.26350000	0.26350000	
0.00000000	0.00000000	0.00000000	0.00000000	0.00000000	0.00000000	0.00000000	0.00000000	
7.00000000	7.00000000	7.00000000	7.00000000	7.00000000	7.00000000	7.00000000	7.00000000	
0.00000000	0.00000000	0.00000000	0.00000000	0.00000000	0.00000000	0.00000000	0.00000000	
3.13750000	3.13750000	3.13750000	3.13750000	3.13750000	3.13750000	3.13750000	3.13750000	
0.00000000	0.00000000	0.00000000	0.00000000	0.00000000	0.00000000	0.00000000	0.00000000	
0.00000000	0.00000000	0.00000000	0.00000000	0.00000000	0.00000000	0.00000000	0.00000000	
0.00000000	0.00000000	0.00000000	0.00000000	0.00000000	0.00000000	0.00000000	0.00000000	
1.27797230	1.27797230	1.31681033	1.31779382	1.26155537	0.78329370	0.32154523	0.53575710	
2.76453295	2.76453295	2.84854807	2.51007973	2.56251076	3.01887920	3.45610740	3.25384600	
2.98193538	2.98193538	3.07255744	3.07485226	2.94362921	1.82768531	0.75027221	1.25009990	
6.45057687	6.45057687	6.64661216	5.85685269	5.97919177	7.04405148	8.06425060	7.59230733	
0.11528770	0.11528770	0.11879212	0.10739966	0.10417468	0.06956427	0.03082888	0.04951544	
0.24939246	0.24939246	0.25697327	0.20457047	0.21160287	0.26810650	0.33136217	0.30072514	
0.26900464	0.26900464	0.27718161	0.25059921	0.24307425	0.16231664	0.07193406	0.11553604	
0.58191574	0.58191574	0.59960430	0.47733111	0.49374003	0.62558184	0.77317839	0.70169199	
0.00265486	0.00265486	0.00312588	0.00340402	0.00326199	0.00203702	0.00084163	0.00139790	
0.00574304	0.00574304	0.00676197	0.00648383	0.00662586	0.00785083	0.00904622	0.00848995	
0.00619467	0.00619467	0.00729373	0.00794271	0.00761131	0.00475304	0.00196381	0.00326177	
0.01340043	0.01340043	0.01577792	0.01512894	0.01546034	0.01831861	0.02110784	0.01980988	
	3144
0.013164        0.132000        0.057265        0.008542        0.024688        0.017169        0.009555        0.008908
29.25000000	29.25000000	29.25000000	29.25000000	29.25000000	29.25000000	29.25000000	29.25000000	
0.00000000	0.00000000	0.00000000	0.00000000	0.00000000	0.00000000	0.00000000	0.00000000	
0.00000000	0.00000000	0.00000000	0.00000000	0.00000000	0.00000000	0.00000000	0.00000000	
1.50990000      1.50990000      1.50990000      1.50990000      1.50990000      1.50990000      1.50990000     1.50990000      
1.50990000      1.50990000      1.50990000      1.50990000      1.50990000      1.50990000      1.50990000     1.50990000      
0.00000000	0.00000000	0.00000000	0.00000000	0.00000000	0.00000000	0.00000000	0.00000000	
0.00000000	0.00000000	0.00000000	0.00000000	0.00000000	0.00000000	0.00000000	0.00000000	
0.00000000	0.00000000	0.00000000	0.00000000	0.00000000	0.00000000	0.00000000	0.00000000	
0.45236968	0.45236968	0.49743186	0.48236901	0.46178333	0.28671906	0.11769933	0.19611006	
0.97857432	0.97857432	1.07605364	0.91879674	0.93798875	1.10503915	1.26508341	1.19104707	
9.49910000	9.49910000	8.94575000	9.29679255	9.28754544	9.23437316	9.17482054	9.20384475	
10.71200000	10.71200000	10.08790000	10.48361713	10.47318954	10.41322931	10.34607422	10.37880365	
0.03900000	0.03900000	0.03850000	0.03850000	0.03850000	0.03850000	0.03850000	0.03850000	
0.00100000	0.00100000	0.00100000	0.00100000	0.00100000	0.00100000	0.00100000	0.00100000	
0.00000000	0.00000000	0.00000000	0.00000000	0.00000000	0.00000000	0.00000000	0.00000000	
0.04080864	0.04080864	0.04487359	0.03931288	0.03813240	0.02546350	0.01128469	0.01812477	
0.08827799	0.08827799	0.09707136	0.07488156	0.07745572	0.09813847	0.12129275	0.11007829	
0.85692000	0.85692000	0.80700500	0.75768480	0.76693191	0.82010419	0.87965681	0.85063260	
0.96631000	0.96631000	0.91002500	0.85441052	0.86483811	0.92479834	0.99195343	0.95922400	
0.41400000	0.41400000	0.28300000	0.28300000	0.28300000	0.28300000	0.28300000	0.28300000	
0.00052130	0.00052130	0.00045997	0.00050090	0.00048000	0.00029975	0.00012385	0.00020570	
0.01535100	0.01535100	0.01354500	0.01354500	0.01354500	0.01354500	0.01354500	0.01354500	
0.17202000	0.17202000	0.14076500	0.14076500	0.14076500	0.14076500	0.14076500	0.14076500	
0.19398000	0.19398000	0.15873500	0.15873500	0.15873500	0.15873500	0.15873500	0.15873500	
0.41000000	0.41000000	0.27750000	0.27750000	0.27750000	0.27750000	0.27750000	0.27750000	
0.00000000	0.00000000	0.00000000	0.00000000	0.00000000	0.00000000	0.00000000	0.00000000	
6.24000000	6.24000000	6.24000000	6.24000000	6.24000000	6.24000000	6.24000000	6.24000000	
0.00000000	0.00000000	0.00000000	0.00000000	0.00000000	0.00000000	0.00000000	0.00000000	
3.09642857	3.09642857	3.09642857	3.09642857	3.09642857	3.09642857	3.09642857	3.09642857	
0.00000000	0.00000000	0.00000000	0.00000000	0.00000000	0.00000000	0.00000000	0.00000000	
0.00000000	0.00000000	0.00000000	0.00000000	0.00000000	0.00000000	0.00000000	0.00000000	
0.00000000	0.00000000	0.00000000	0.00000000	0.00000000	0.00000000	0.00000000	0.00000000	
1.26337058	1.26337058	1.38921948	1.34715221	1.28966086	0.80074427	0.32870876	0.54769293	
2.73294622	2.73294622	3.00518487	2.56600039	2.61959950	3.08613512	3.53310408	3.32633661	
2.94786468	2.94786468	3.24151213	3.14335517	3.00920867	1.86840329	0.76698711	1.27795018	
6.37687452	6.37687452	7.01209802	5.98733423	6.11239884	7.20098196	8.24390953	7.76145210	
0.11396969	0.11396969	0.12532222	0.10979236	0.10649553	0.07111406	0.03151570	0.05061857	
0.24654132	0.24654132	0.27109930	0.20912799	0.21631705	0.27407950	0.33874440	0.30742483	
0.26592929	0.26592929	0.29241850	0.25618217	0.24848957	0.16593280	0.07353664	0.11811000	
0.57526307	0.57526307	0.63256503	0.48796530	0.50473979	0.63951882	0.79040360	0.71732459	
0.00145589	0.00145589	0.00128461	0.00139891	0.00134054	0.00083713	0.00034588	0.00057448	
0.00314941	0.00314941	0.00277889	0.00266459	0.00272296	0.00322637	0.00371762	0.00348902	
0.00339708	0.00339708	0.00299742	0.00326413	0.00312794	0.00195330	0.00080704	0.00134045	
0.00734862	0.00734862	0.00648408	0.00621737	0.00635356	0.00752820	0.00867446	0.00814105	
	3504
0.000642        0.008493        0.003889        0.000550        0.001589        0.001105        0.000615        0.000573
29.00000000	29.00000000	29.00000000	29.00000000	29.00000000	29.00000000	29.00000000	29.00000000	
0.00000000	0.00000000	0.00000000	0.00000000	0.00000000	0.00000000	0.00000000	0.00000000	
0.00000000	0.00000000	0.00000000	0.00000000	0.00000000	0.00000000	0.00000000	0.00000000	
3.60944000      3.60944000      3.60944000      3.60944000      3.60944000      3.60944000      3.60944000     3.60944000       
3.60944000      3.60944000      3.60944000      3.60944000      3.60944000      3.60944000      3.60944000     3.60944000       
0.00000000	0.00000000	0.00000000	0.00000000	0.00000000	0.00000000	0.00000000	0.00000000	
0.00000000	0.00000000	0.00000000	0.00000000	0.00000000	0.00000000	0.00000000	0.00000000	
0.00000000	0.00000000	0.00000000	0.00000000	0.00000000	0.00000000	0.00000000	0.00000000	
0.57936718	0.57936718	0.55658384	0.57659096	0.55198424	0.34272438	0.14068974	0.23441656	
1.25329762	1.25329762	1.20401230	1.09826685	1.12120767	1.32088831	1.51219428	1.42369630	
8.24877359	8.24877359	10.00338679	9.15694196	9.14783396	9.09546154	9.03680477	9.06539237	
9.30180852	9.30180852	11.28040426	10.32591328	10.31564255	10.25658430	10.19043942	10.22267650	
0.03966667	0.03966667	0.03683333	0.03683333	0.03683333	0.03683333	0.03683333	0.03683333	
0.00633333	0.00633333	0.00366667	0.00366667	0.00366667	0.00366667	0.00366667	0.00366667	
0.00000000	0.00000000	0.00000000	0.00000000	0.00000000	0.00000000	0.00000000	0.00000000	
0.04794617	0.04794617	0.04805015	0.04699193	0.04558086	0.03043733	0.01348895	0.02166512	
0.10371803	0.10371803	0.10394296	0.08950830	0.09258527	0.11730802	0.14498507	0.13158006	
0.68263641	0.68263641	0.87166821	0.74628704	0.75539504	0.80776746	0.86642423	0.83783663	
0.76978148	0.76978148	0.98294074	0.84155772	0.85182845	0.91088670	0.97703158	0.94479450	
0.23866667	0.23866667	0.17833333	0.17833333	0.17833333	0.17833333	0.17833333	0.17833333	
0.00029643	0.00029643	0.00048553	0.00052873	0.00050667	0.00031640	0.00013073	0.00021713	
0.00872900	0.00872900	0.01429750	0.01429750	0.01429750	0.01429750	0.01429750	0.01429750	
0.12392333	0.12392333	0.13880667	0.13880667	0.13880667	0.13880667	0.13880667	0.13880667	
0.13974333	0.13974333	0.15652667	0.15652667	0.15652667	0.15652667	0.15652667	0.15652667	
0.22266667	0.22266667	0.16233333	0.16233333	0.16233333	0.16233333	0.16233333	0.16233333	
0.00000000	0.00000000	0.00000000	0.00000000	0.00000000	0.00000000	0.00000000	0.00000000	
3.79000000	3.79000000	3.79000000	3.79000000	3.79000000	3.79000000	3.79000000	3.79000000	
0.00000000	0.00000000	0.00000000	0.00000000	0.00000000	0.00000000	0.00000000	0.00000000	
2.79642857	2.79642857	2.79642857	2.79642857	2.79642857	2.79642857	2.79642857	2.79642857	
0.00000000	0.00000000	0.00000000	0.00000000	0.00000000	0.00000000	0.00000000	0.00000000	
0.00000000	0.00000000	0.00000000	0.00000000	0.00000000	0.00000000	0.00000000	0.00000000	
0.00000000	0.00000000	0.00000000	0.00000000	0.00000000	0.00000000	0.00000000	0.00000000	
1.61804709	1.61804709	1.55441818	1.61029372	1.54157248	0.95715499	0.39291599	0.65467472	
3.50018891	3.50018891	3.36254569	3.06722155	3.13129027	3.68895508	4.22323124	3.97607553	
3.77544321	3.77544321	3.62697575	3.75735201	3.59700246	2.23336164	0.91680399	1.52757434	
8.16710746	8.16710746	7.84593995	7.15685029	7.30634397	8.60756186	9.85420623	9.27750958	
0.13390328	0.13390328	0.13419367	0.13123828	0.12729748	0.08500488	0.03767172	0.06050598	
0.28966202	0.28966202	0.29029018	0.24997731	0.25857063	0.32761590	0.40491191	0.36747463	
0.31244099	0.31244099	0.31311856	0.30622266	0.29702745	0.19834473	0.08790067	0.14118062	
0.67587804	0.67587804	0.67734376	0.58328038	0.60333146	0.76443711	0.94479446	0.85744081	
0.00082786	0.00082786	0.00135598	0.00147663	0.00141502	0.00088364	0.00036509	0.00060639	
0.00179084	0.00179084	0.00293327	0.00281262	0.00287423	0.00340561	0.00392416	0.00368286	
0.00193167	0.00193167	0.00316395	0.00344547	0.00330171	0.00206182	0.00085188	0.00141492	
0.00417863	0.00417863	0.00684430	0.00656278	0.00670654	0.00794643	0.00915637	0.00859333	
	3840
0.000065        0.004375        0.002269        0.000283        0.000818        0.000569        0.000317        0.000295
22.33000000	22.33000000	22.33000000	22.33000000	22.33000000	22.33000000	22.33000000	22.33000000	
0.00000000	0.00000000	0.00000000	0.00000000	0.00000000	0.00000000	0.00000000	0.00000000	
0.00000000	0.00000000	0.00000000	0.00000000	0.00000000	0.00000000	0.00000000	0.00000000	
0.00000000	0.00000000	0.00000000	0.00000000	0.00000000	0.00000000	0.00000000	0.00000000	
1.66430000      1.66430000      1.66430000      1.66430000      1.66430000      1.66430000      1.66430000     1.66430000      
1.66430000      1.66430000      1.66430000      1.66430000      1.66430000      1.66430000      1.66430000     1.66430000      
0.00000000	0.00000000	0.00000000	0.00000000	0.00000000	0.00000000	0.00000000	0.00000000	
0.00000000	0.00000000	0.00000000	0.00000000	0.00000000	0.00000000	0.00000000	0.00000000	
0.44662920	0.44662920	0.38212583	0.42083608	0.40287639	0.25014403	0.10268514	0.17109347	
0.96615640	0.96615640	0.82662156	0.80159135	0.81833514	0.96407593	1.10370430	1.03911233	
15.60200000	15.60200000	12.73443480	14.50046154	14.48603858	14.40310432	14.31021847	14.35548832	
17.59400000	17.59400000	14.58233499	16.35158429	16.33532010	16.24179849	16.13705487	16.18810385	
0.04400000	0.04400000	0.04500000	0.04500000	0.04500000	0.04500000	0.04500000	0.04500000	
0.00000000	0.00000000	0.00000000	0.00000000	0.00000000	0.00000000	0.00000000	0.00000000	
0.00000000	0.00000000	0.00000000	0.00000000	0.00000000	0.00000000	0.00000000	0.00000000	
0.04029224	0.04029224	0.03328872	0.03429797	0.03326808	0.02221528	0.00984517	0.01581271	
0.08716091	0.08716091	0.07201077	0.06532937	0.06757516	0.08561953	0.10582016	0.09603626	
1.40750000	1.40750000	1.51603854	1.18178171	1.19620467	1.27913893	1.37202478	1.32675493	
1.58710000	1.58710000	1.70954168	1.33264746	1.34891165	1.44243326	1.54717688	1.49612790	
0.17900000	0.17900000	0.15933333	0.15933333	0.15933333	0.15933333	0.15933333	0.15933333	
0.00064396	0.00064396	0.00069507	0.00075692	0.00072534	0.00045295	0.00018715	0.00031084	
0.01896300	0.01896300	0.02046800	0.02046800	0.02046800	0.02046800	0.02046800	0.02046800	
0.14570000	0.14570000	0.12180833	0.12180833	0.12180833	0.12180833	0.12180833	0.12180833	
0.16430000	0.16430000	0.13735833	0.13735833	0.13735833	0.13735833	0.13735833	0.13735833	
0.17000000	0.17000000	0.15000000	0.15000000	0.15000000	0.15000000	0.15000000	0.15000000	
0.00000000	0.00000000	0.00000000	0.00000000	0.00000000	0.00000000	0.00000000	0.00000000	
7.37000000	7.37000000	7.37000000	7.37000000	7.37000000	7.37000000	7.37000000	7.37000000	
0.00000000	0.00000000	0.00000000	0.00000000	0.00000000	0.00000000	0.00000000	0.00000000	
2.28821429	2.28821429	2.28821429	2.28821429	2.28821429	2.28821429	2.28821429	2.28821429	
0.00000000	0.00000000	0.00000000	0.00000000	0.00000000	0.00000000	0.00000000	0.00000000	
0.00000000	0.00000000	0.00000000	0.00000000	0.00000000	0.00000000	0.00000000	0.00000000	
0.00000000	0.00000000	0.00000000	0.00000000	0.00000000	0.00000000	0.00000000	0.00000000	
1.24733865	1.24733865	1.06719472	1.17530408	1.12514655	0.69859812	0.28677735	0.47782703	
2.69826567	2.69826567	2.30857505	2.23867109	2.28543289	2.69245535	3.08240716	2.90201578	
2.91045685	2.91045685	2.49012102	2.74237618	2.62534195	1.63006227	0.66914715	1.11492973	
6.29595323	6.29595323	5.38667511	5.22356587	5.33267673	6.28239582	7.19228337	6.77137015	
0.11252751	0.11252751	0.09296819	0.09578680	0.09291053	0.06204246	0.02749543	0.04416146	
0.24342155	0.24342155	0.20111048	0.18245078	0.18872278	0.23911682	0.29553281	0.26820848	
0.26256418	0.26256418	0.21692578	0.22350254	0.21679124	0.14476574	0.06415601	0.10304341	
0.56798361	0.56798361	0.46925778	0.42571849	0.44035316	0.55793924	0.68957655	0.62581979	
0.00179845	0.00179845	0.00194119	0.00211391	0.00202571	0.00126500	0.00052266	0.00086810	
0.00389045	0.00389045	0.00419921	0.00402649	0.00411469	0.00487540	0.00561774	0.00527230	
0.00419639	0.00419639	0.00452944	0.00493246	0.00472666	0.00295166	0.00121953	0.00202557	
0.00907771	0.00907771	0.00979816	0.00939514	0.00960094	0.01137594	0.01310807	0.01230203	
	4152
0.000047        0.000255        0.000089        0.000016        0.000048        0.000033        0.000018        0.000017
24.17000000	24.17000000	24.17000000	24.17000000	24.17000000	24.17000000	24.17000000	24.17000000	
0.00000000	0.00000000	0.00000000	0.00000000	0.00000000	0.00000000	0.00000000	0.00000000	
0.00000000	0.00000000	0.00000000	0.00000000	0.00000000	0.00000000	0.00000000	0.00000000	
3.81400000      3.81400000      3.81400000      3.81400000      3.81400000      3.81400000      3.81400000     3.81400000      
3.81400000      3.81400000      3.81400000      3.81400000      3.81400000      3.81400000      3.81400000     3.81400000      
0.00000000	0.00000000	0.00000000	0.00000000	0.00000000	0.00000000	0.00000000	0.00000000	
0.00000000	0.00000000	0.00000000	0.00000000	0.00000000	0.00000000	0.00000000	0.00000000	
0.00000000	0.00000000	0.00000000	0.00000000	0.00000000	0.00000000	0.00000000	0.00000000	
0.40418274	0.40418274	0.41795285	0.41753223	0.39971353	0.24818022	0.10187898	0.16975027	
0.87433546	0.87433546	0.90412320	0.79529829	0.81191064	0.95650726	1.09503945	1.03095457	
11.76200000	11.76200000	11.69750000	11.82402457	11.81226373	11.74463715	11.66889579	11.70580992	
13.26300000	13.26300000	13.19050000	13.33347451	13.32021230	13.24395253	13.15854207	13.20016863	
0.04500000	0.04500000	0.04900000	0.04900000	0.04900000	0.04900000	0.04900000	0.04900000	
0.00100000	0.00100000	0.00100000	0.00100000	0.00100000	0.00100000	0.00100000	0.00100000	
0.00000000	0.00000000	0.00000000	0.00000000	0.00000000	0.00000000	0.00000000	0.00000000	
0.03646188	0.03646188	0.03770473	0.03402871	0.03300690	0.02204087	0.00976788	0.01568856	
0.07887500	0.07887500	0.08156356	0.06481649	0.06704464	0.08494736	0.10498940	0.09528231	
1.06100000	1.06100000	1.05520000	0.96365318	0.97541402	1.04304060	1.11878196	1.08186783	
1.19650000	1.19650000	1.18995000	1.08667274	1.09993495	1.17619472	1.26160518	1.21997862	
0.17000000	0.17000000	0.16600000	0.16600000	0.16600000	0.16600000	0.16600000	0.16600000	
0.00091995	0.00091995	0.00124193	0.00135244	0.00129601	0.00080932	0.00033439	0.00055539	
0.02709000	0.02709000	0.03657150	0.03657150	0.03657150	0.03657150	0.03657150	0.03657150	
0.19646000	0.19646000	0.14922500	0.14922500	0.14922500	0.14922500	0.14922500	0.14922500	
0.22154000	0.22154000	0.16827500	0.16827500	0.16827500	0.16827500	0.16827500	0.16827500	
0.15800000	0.15800000	0.15450000	0.15450000	0.15450000	0.15450000	0.15450000	0.15450000	
0.00000000	0.00000000	0.00000000	0.00000000	0.00000000	0.00000000	0.00000000	0.00000000	
7.10000000	7.10000000	7.10000000	7.10000000	7.10000000	7.10000000	7.10000000	7.10000000	
0.00000000	0.00000000	0.00000000	0.00000000	0.00000000	0.00000000	0.00000000	0.00000000	
2.26071429	2.26071429	2.26071429	2.26071429	2.26071429	2.26071429	2.26071429	2.26071429	
0.00000000	0.00000000	0.00000000	0.00000000	0.00000000	0.00000000	0.00000000	0.00000000	
0.00000000	0.00000000	0.00000000	0.00000000	0.00000000	0.00000000	0.00000000	0.00000000	
0.00000000	0.00000000	0.00000000	0.00000000	0.00000000	0.00000000	0.00000000	0.00000000	
1.12879489	1.12879489	1.16725182	1.16607711	1.11631336	0.69311363	0.28452595	0.47407575	
2.44182965	2.44182965	2.52502037	2.22109595	2.26749063	2.67131769	3.05820810	2.87923292	
2.63385475	2.63385475	2.72358757	2.72084660	2.60473117	1.61726514	0.66389388	1.10617675	
5.69760251	5.69760251	5.89171419	5.18255721	5.29081148	6.23307461	7.13581890	6.71821014	
0.10183013	0.10183013	0.10530115	0.09503481	0.09218112	0.06155538	0.02727957	0.04381476	
0.22028080	0.22028080	0.22778936	0.18101841	0.18724118	0.23723958	0.29321267	0.26610286	
0.23760365	0.23760365	0.24570268	0.22174789	0.21508928	0.14362923	0.06365234	0.10223445	
0.51398854	0.51398854	0.53150851	0.42237630	0.43689608	0.55355902	0.68416289	0.62090667	
0.00256922	0.00256922	0.00346845	0.00377706	0.00361947	0.00226025	0.00093386	0.00155109	
0.00555778	0.00555778	0.00750300	0.00719439	0.00735198	0.00871120	0.01003759	0.00942036	
0.00599484	0.00599484	0.00809304	0.00881314	0.00844543	0.00527392	0.00217902	0.00361922	
0.01296816	0.01296816	0.01750701	0.01678691	0.01715462	0.02032613	0.02342103	0.02198083	
	4464
0.000047        0.000268        0.000096        0.000017        0.000050        0.000035        0.000019        0.000018
20.48000000	20.48000000	20.48000000	20.48000000	20.48000000	20.48000000	20.48000000	20.48000000	
0.00000000	0.00000000	0.00000000	0.00000000	0.00000000	0.00000000	0.00000000	0.00000000	
0.00000000	0.00000000	0.00000000	0.00000000	0.00000000	0.00000000	0.00000000	0.00000000	
3.85250000      3.85250000      3.85250000      3.85250000      3.85250000      3.85250000      3.85250000     3.85250000      
3.85250000      3.85250000      3.85250000      3.85250000      3.85250000      3.85250000      3.85250000     3.85250000      
0.00000000	0.00000000	0.00000000	0.00000000	0.00000000	0.00000000	0.00000000	0.00000000	
0.00000000	0.00000000	0.00000000	0.00000000	0.00000000	0.00000000	0.00000000	0.00000000	
0.00000000	0.00000000	0.00000000	0.00000000	0.00000000	0.00000000	0.00000000	0.00000000	
0.46085468	0.46085468	0.40725230	0.44087911	0.42206406	0.26205756	0.10757569	0.17924208	
0.99692922	0.99692922	0.88097560	0.83976847	0.85730972	1.00999166	1.15627006	1.08860179	
10.01900000	10.01900000	10.60600000	10.39554779	10.38520780	10.32575128	10.25916034	10.29161482	
11.29800000	11.29800000	11.96000000	11.72263900	11.71097901	11.64393229	11.56884038	11.60543799	
0.02200000	0.02200000	0.02350000	0.02350000	0.02350000	0.02350000	0.02350000	0.02350000	
0.00100000	0.00100000	0.00100000	0.00100000	0.00100000	0.00100000	0.00100000	0.00100000	
0.00000000	0.00000000	0.00000000	0.00000000	0.00000000	0.00000000	0.00000000	0.00000000	
0.04157250	0.04157250	0.03673786	0.03593147	0.03485252	0.02327332	0.01031406	0.01656581	
0.08993040	0.08993040	0.07947202	0.06844079	0.07079354	0.08969731	0.11086002	0.10061015	
0.90378000	0.90378000	0.95674000	0.84723291	0.85757290	0.91702942	0.98362036	0.95116588	
1.01920000	1.01920000	1.07890000	0.95539030	0.96705029	1.03409701	1.10918892	1.07259131	
0.12800000	0.12800000	0.15250000	0.15250000	0.15250000	0.15250000	0.15250000	0.15250000	
0.00049064	0.00049064	0.00065930	0.00071796	0.00068800	0.00042964	0.00017751	0.00029484	
0.01444800	0.01444800	0.01941450	0.01941450	0.01941450	0.01941450	0.01941450	0.01941450	
0.16967000	0.16967000	0.16403000	0.16403000	0.16403000	0.16403000	0.16403000	0.16403000	
0.19133000	0.19133000	0.18497000	0.18497000	0.18497000	0.18497000	0.18497000	0.18497000	
0.12500000	0.12500000	0.14800000	0.14800000	0.14800000	0.14800000	0.14800000	0.14800000	
0.00000000	0.00000000	0.00000000	0.00000000	0.00000000	0.00000000	0.00000000	0.00000000	
8.13000000	8.13000000	8.13000000	8.13000000	8.13000000	8.13000000	8.13000000	8.13000000	
0.00000000	0.00000000	0.00000000	0.00000000	0.00000000	0.00000000	0.00000000	0.00000000	
2.46800000	2.46800000	2.46800000	2.46800000	2.46800000	2.46800000	2.46800000	2.46800000	
0.00000000	0.00000000	0.00000000	0.00000000	0.00000000	0.00000000	0.00000000	0.00000000	
0.00000000	0.00000000	0.00000000	0.00000000	0.00000000	0.00000000	0.00000000	0.00000000	
0.00000000	0.00000000	0.00000000	0.00000000	0.00000000	0.00000000	0.00000000	0.00000000	
1.28706734	1.28706734	1.13736752	1.23127990	1.17873353	0.73187002	0.30043560	0.50058434	
2.78420749	2.78420749	2.46037411	2.34529154	2.39428044	2.82068804	3.22921195	3.04022913	
3.00315713	3.00315713	2.65385754	2.87298642	2.75037825	1.70769671	0.70101641	1.16803012	
6.49648414	6.49648414	5.74087293	5.47234692	5.58665437	6.58160542	7.53482788	7.09386796	
0.11610300	0.11610300	0.10260090	0.10034881	0.09733555	0.06499734	0.02880495	0.04626473	
0.25115613	0.25115613	0.22194814	0.19114030	0.19771102	0.25050515	0.30960805	0.28098236	
0.27090701	0.27090701	0.23940210	0.23414722	0.22711629	0.15166045	0.06721154	0.10795103	
0.58603096	0.58603096	0.51787898	0.44599404	0.46132571	0.58451203	0.72241878	0.65562550	
0.00137025	0.00137025	0.00184127	0.00200511	0.00192145	0.00119989	0.00049576	0.00082342	
0.00296415	0.00296415	0.00398308	0.00381924	0.00390290	0.00462446	0.00532859	0.00500093	
0.00319725	0.00319725	0.00429630	0.00467858	0.00448338	0.00279974	0.00115676	0.00192131	
0.00691635	0.00691635	0.00929385	0.00891157	0.00910677	0.01079041	0.01243339	0.01166884	
	4992
0.008606        0.098832        0.044125        0.006395        0.018485        0.012854        0.007154        0.006670
16.05000000	16.05000000	16.05000000	16.05000000	16.05000000	16.05000000	16.05000000	16.05000000	
0.00000000	0.00000000	0.00000000	0.00000000	0.00000000	0.00000000	0.00000000	0.00000000	
0.00000000	0.00000000	0.00000000	0.00000000	0.00000000	0.00000000	0.00000000	0.00000000	
1.02540000      1.02540000      1.02540000      1.02540000      1.02540000      1.02540000      1.02540000     1.02540000      
1.02540000      1.02540000      1.02540000      1.02540000      1.02540000      1.02540000      1.02540000     1.02540000      
0.00000000	0.00000000	0.00000000	0.00000000	0.00000000	0.00000000	0.00000000	0.00000000	
0.00000000	0.00000000	0.00000000	0.00000000	0.00000000	0.00000000	0.00000000	0.00000000	
0.00000000	0.00000000	0.00000000	0.00000000	0.00000000	0.00000000	0.00000000	0.00000000	
0.28642373	0.28642373	0.35384343	0.32516788	0.31129095	0.19327906	0.07934184	0.13219898	
0.61959701	0.61959701	0.76544054	0.61936647	0.63230392	0.74491362	0.85280042	0.80289208	
3.94850000	3.94850000	3.18630000	3.59615214	3.59257521	3.57200730	3.54897136	3.56019841	
4.45260000	4.45260000	3.59310000	4.05523539	4.05120183	4.02800823	4.00203154	4.01469182	
0.02300000	0.02300000	0.02500000	0.02500000	0.02500000	0.02500000	0.02500000	0.02500000	
0.00000000	0.00000000	0.00050000	0.00050000	0.00050000	0.00050000	0.00050000	0.00050000	
0.00000000	0.00000000	0.00000000	0.00000000	0.00000000	0.00000000	0.00000000	0.00000000	
0.02583840	0.02583840	0.03192090	0.02650105	0.02570528	0.01716510	0.00760708	0.01221802	
0.05589409	0.05589409	0.06905188	0.05047812	0.05221337	0.06615574	0.08176418	0.07420444	
0.35620000	0.35620000	0.28744000	0.29308493	0.29666187	0.31722978	0.34026571	0.32903867	
0.40167000	0.40167000	0.32413500	0.33050003	0.33453359	0.35772720	0.38370389	0.37104361	
0.06300000	0.06300000	0.06050000	0.06050000	0.06050000	0.06050000	0.06050000	0.06050000	
0.00052130	0.00052130	0.00061330	0.00066787	0.00064000	0.00039966	0.00016513	0.00027427	
0.01535100	0.01535100	0.01806000	0.01806000	0.01806000	0.01806000	0.01806000	0.01806000	
0.20727000	0.20727000	0.12173000	0.12173000	0.12173000	0.12173000	0.12173000	0.12173000	
0.23373000	0.23373000	0.13727000	0.13727000	0.13727000	0.13727000	0.13727000	0.13727000	
0.04000000	0.04000000	0.03850000	0.03850000	0.03850000	0.03850000	0.03850000	0.03850000	
0.00000000	0.00000000	0.00000000	0.00000000	0.00000000	0.00000000	0.00000000	0.00000000	
8.46000000	8.46000000	8.46000000	8.46000000	8.46000000	8.46000000	8.46000000	8.46000000	
0.00000000	0.00000000	0.00000000	0.00000000	0.00000000	0.00000000	0.00000000	0.00000000	
2.47156250	2.47156250	2.47156250	2.47156250	2.47156250	2.47156250	2.47156250	2.47156250	
0.00000000	0.00000000	0.00000000	0.00000000	0.00000000	0.00000000	0.00000000	0.00000000	
0.00000000	0.00000000	0.00000000	0.00000000	0.00000000	0.00000000	0.00000000	0.00000000	
0.00000000	0.00000000	0.00000000	0.00000000	0.00000000	0.00000000	0.00000000	0.00000000	
0.79991946	0.79991946	0.98820809	0.90812350	0.86936823	0.53978658	0.22158457	0.36920314	
1.73040032	1.73040032	2.13770972	1.72975647	1.76588796	2.08038246	2.38168696	2.24230375	
1.86647873	1.86647873	2.30581887	2.11895484	2.02852587	1.25950202	0.51703067	0.86147399	
4.03760075	4.03760075	4.98798935	4.03609843	4.12040524	4.85422575	5.55726957	5.23204208	
0.07216105	0.07216105	0.08914817	0.07401170	0.07178928	0.04793842	0.02124493	0.03412229	
0.15610010	0.15610010	0.19284695	0.14097445	0.14582064	0.18475866	0.22834966	0.20723695	
0.16837579	0.16837579	0.20801240	0.17269396	0.16750833	0.11185631	0.04957149	0.07961867	
0.36423357	0.36423357	0.44997621	0.32894038	0.34024816	0.43110353	0.53281587	0.48355287	
0.00145589	0.00145589	0.00171281	0.00186521	0.00178739	0.00111617	0.00046117	0.00076597	
0.00314941	0.00314941	0.00370519	0.00355279	0.00363061	0.00430183	0.00495683	0.00465203	
0.00339708	0.00339708	0.00399656	0.00435217	0.00417058	0.00260441	0.00107606	0.00178727	
0.00734862	0.00734862	0.00864544	0.00828983	0.00847142	0.01003759	0.01156594	0.01085473	
	5304
0.000683        0.012809        0.006152        0.000829        0.002396        0.001666        0.000927        0.000864
10.84000000	10.84000000	10.84000000	10.84000000	10.84000000	10.84000000	10.84000000	10.84000000	
0.00000000	0.00000000	0.00000000	0.00000000	0.00000000	0.00000000	0.00000000	0.00000000	
0.00000000	0.00000000	0.00000000	0.00000000	0.00000000	0.00000000	0.00000000	0.00000000	
0.60170000      0.60170000      0.60170000      0.60170000      0.60170000      0.60170000      0.60170000     0.60170000      
0.60170000      0.60170000      0.60170000      0.60170000      0.60170000      0.60170000      0.60170000     0.60170000      
0.00000000	0.00000000	0.00000000	0.00000000	0.00000000	0.00000000	0.00000000	0.00000000	
0.00000000	0.00000000	0.00000000	0.00000000	0.00000000	0.00000000	0.00000000	0.00000000	
0.00000000	0.00000000	0.00000000	0.00000000	0.00000000	0.00000000	0.00000000	0.00000000	
0.49492040	0.49492040	0.38930701	0.44906625	0.42990181	0.26692398	0.10957337	0.18257062	
1.07062080	1.07062080	0.84215601	0.85536302	0.87323001	1.02874725	1.17774205	1.10881718	
1.14760000	1.14760000	1.25560000	1.21128150	1.21007669	1.20314886	1.19538974	1.19917131	
1.29410000	1.29410000	1.41590000	1.36591318	1.36455457	1.35674234	1.34799268	1.35225701	
0.03200000	0.03200000	0.04000000	0.04000000	0.04000000	0.04000000	0.04000000	0.04000000	
0.05000000	0.05000000	0.03450000	0.03450000	0.03450000	0.03450000	0.03450000	0.03450000	
0.00000000	0.00000000	0.00000000	0.00000000	0.00000000	0.00000000	0.00000000	0.00000000	
0.04464912	0.04464912	0.03512081	0.03659872	0.03549974	0.02370550	0.01050560	0.01687344	
0.09658579	0.09658579	0.07597397	0.06971174	0.07210818	0.09136299	0.11291870	0.10247848	
0.10353000	0.10353000	0.11327000	0.09871895	0.09992376	0.10685159	0.11461071	0.11082914	
0.11674000	0.11674000	0.12773000	0.11132137	0.11267998	0.12049221	0.12924187	0.12497754	
0.11800000	0.11800000	0.09050000	0.09050000	0.09050000	0.09050000	0.09050000	0.09050000	
0.00012266	0.00012266	0.00027598	0.00030054	0.00028800	0.00017985	0.00007431	0.00012342	
0.00361200	0.00361200	0.00812700	0.00812700	0.00812700	0.00812700	0.00812700	0.00812700	
0.01786000	0.01786000	0.01762500	0.01762500	0.01762500	0.01762500	0.01762500	0.01762500	
0.02014000	0.02014000	0.01987500	0.01987500	0.01987500	0.01987500	0.01987500	0.01987500	
0.11700000	0.11700000	0.08800000	0.08800000	0.08800000	0.08800000	0.08800000	0.08800000	
0.00000000	0.00000000	0.00000000	0.00000000	0.00000000	0.00000000	0.00000000	0.00000000	
5.55000000	5.55000000	5.55000000	5.55000000	5.55000000	5.55000000	5.55000000	5.55000000	
0.00000000	0.00000000	0.00000000	0.00000000	0.00000000	0.00000000	0.00000000	0.00000000	
1.77687500	1.77687500	1.77687500	1.77687500	1.77687500	1.77687500	1.77687500	1.77687500	
0.00000000	0.00000000	0.00000000	0.00000000	0.00000000	0.00000000	0.00000000	0.00000000	
0.00000000	0.00000000	0.00000000	0.00000000	0.00000000	0.00000000	0.00000000	0.00000000	
0.00000000	0.00000000	0.00000000	0.00000000	0.00000000	0.00000000	0.00000000	0.00000000	
1.38220552	1.38220552	1.08725019	1.25414483	1.20062268	0.74546088	0.30601471	0.50988021	
2.99001212	2.99001212	2.35195940	2.38884372	2.43874236	2.87306836	3.28917858	3.09668634	
3.22514620	3.22514620	2.53691712	2.92633793	2.80145291	1.73940873	0.71403432	1.18972050	
6.97669496	6.97669496	5.48790527	5.57396869	5.69039883	6.70382617	7.67475003	7.22560145	
0.12469533	0.12469533	0.09808481	0.10221229	0.09914308	0.06620434	0.02933986	0.04712386	
0.26974320	0.26974320	0.21217885	0.19468979	0.20138252	0.25515705	0.31535749	0.28620022	
0.29095576	0.29095576	0.22886456	0.23849535	0.23133385	0.15447680	0.06845967	0.10995568	
0.62940080	0.62940080	0.49508399	0.45427618	0.46989255	0.59536645	0.73583413	0.66780050	
0.00034256	0.00034256	0.00077077	0.00083935	0.00080433	0.00050228	0.00020753	0.00034469	
0.00074104	0.00074104	0.00166733	0.00159875	0.00163377	0.00193582	0.00223057	0.00209341	
0.00079931	0.00079931	0.00179845	0.00195848	0.00187676	0.00117198	0.00048423	0.00080427	
0.00172909	0.00172909	0.00389045	0.00373042	0.00381214	0.00451692	0.00520467	0.00488463	
	5832
0.018766        0.151837        0.062247        0.009825        0.028398        0.019749        0.010991        0.010247
9.16000000	9.16000000	9.16000000	9.16000000	9.16000000	9.16000000	9.16000000	9.16000000	
0.00000000	0.00000000	0.00000000	0.00000000	0.00000000	0.00000000	0.00000000	0.00000000	
0.00000000	0.00000000	0.00000000	0.00000000	0.00000000	0.00000000	0.00000000	0.00000000	
2.47700000      2.47700000      2.47700000      2.47700000      2.47700000      2.47700000      2.47700000     2.47700000      
2.47700000      2.47700000      2.47700000      2.47700000      2.47700000      2.47700000      2.47700000      2.47700000     
0.00000000	0.00000000	0.00000000	0.00000000	0.00000000	0.00000000	0.00000000	0.00000000	
0.00000000	0.00000000	0.00000000	0.00000000	0.00000000	0.00000000	0.00000000	0.00000000	
0.00000000	0.00000000	0.00000000	0.00000000	0.00000000	0.00000000	0.00000000	0.00000000	
0.15335940	0.15335940	0.18768491	0.17311998	0.16573187	0.10290213	0.04224174	0.07038298	
0.33174985	0.33174985	0.40600341	0.32975185	0.33663977	0.39659337	0.45403251	0.42746121	
2.42027111	2.42027111	2.27693556	2.35499966	2.35265725	2.33918801	2.32410255	2.33145476	
2.72924189	2.72924189	2.56757095	2.65563792	2.65299647	2.63780776	2.62079649	2.62908729	
0.06033333	0.06033333	0.10066667	0.10066667	0.10066667	0.10066667	0.10066667	0.10066667	
0.10533333	0.10533333	0.10516667	0.10516667	0.10516667	0.10516667	0.10516667	0.10516667	
0.00000000	0.00000000	0.00000000	0.00000000	0.00000000	0.00000000	0.00000000	0.00000000	
0.01269143	0.01269143	0.01635970	0.01410921	0.01368554	0.00913873	0.00405002	0.00650490	
0.02745433	0.02745433	0.03538960	0.02687464	0.02779849	0.03522144	0.04353140	0.03950658	
0.20029222	0.20029222	0.19638111	0.19193151	0.19427393	0.20774316	0.22282862	0.21547641	
0.22586144	0.22586144	0.22145072	0.21643341	0.21907485	0.23426357	0.25127483	0.24298404	
0.08566667	0.08566667	0.08333333	0.08333333	0.08333333	0.08333333	0.08333333	0.08333333	
0.00056219	0.00056219	0.00038842	0.00042298	0.00040534	0.00025312	0.00010458	0.00017370	
0.01655500	0.01655500	0.01143800	0.01143800	0.01143800	0.01143800	0.01143800	0.01143800	
0.01143667	0.01143667	0.01770333	0.01770333	0.01770333	0.01770333	0.01770333	0.01770333	
0.01289667	0.01289667	0.01996333	0.01996333	0.01996333	0.01996333	0.01996333	0.01996333	
0.08266667	0.08266667	0.07883333	0.07883333	0.07883333	0.07883333	0.07883333	0.07883333	
0.00000000	0.00000000	0.00000000	0.00000000	0.00000000	0.00000000	0.00000000	0.00000000	
5.14000000	5.14000000	5.14000000	5.14000000	5.14000000	5.14000000	5.14000000	5.14000000	
0.00000000	0.00000000	0.00000000	0.00000000	0.00000000	0.00000000	0.00000000	0.00000000	
0.60125000	0.60125000	0.60125000	0.60125000	0.60125000	0.60125000	0.60125000	0.60125000	
0.00000000	0.00000000	0.00000000	0.00000000	0.00000000	0.00000000	0.00000000	0.00000000	
0.00000000	0.00000000	0.00000000	0.00000000	0.00000000	0.00000000	0.00000000	0.00000000	
0.00000000	0.00000000	0.00000000	0.00000000	0.00000000	0.00000000	0.00000000	0.00000000	
0.42829960	0.42829960	0.52416332	0.48348662	0.46285324	0.28738337	0.11797203	0.19656443	
0.92650550	0.92650550	1.13387963	0.92092552	0.94016199	1.10759944	1.26801450	1.19380662	
0.99936574	0.99936574	1.22304774	1.12813544	1.07999089	0.67056119	0.27526808	0.45865033	
2.16184616	2.16184616	2.64571913	2.14882620	2.19371130	2.58439868	2.95870050	2.78554879	
0.03544441	0.03544441	0.04568909	0.03940396	0.03822075	0.02552250	0.01131084	0.01816677	
0.07667399	0.07667399	0.09883548	0.07505505	0.07763518	0.09836585	0.12157378	0.11033333	
0.08270362	0.08270362	0.10660789	0.09194258	0.08918174	0.05955250	0.02639195	0.04238912	
0.17890598	0.17890598	0.23061612	0.17512846	0.18114874	0.22952031	0.28367215	0.25744444	
0.00157008	0.00157008	0.00108478	0.00118130	0.00113202	0.00070691	0.00029207	0.00048512	
0.00339642	0.00339642	0.00234662	0.00225010	0.00229938	0.00272449	0.00313933	0.00294628	
0.00366352	0.00366352	0.00253116	0.00275637	0.00264137	0.00164946	0.00068150	0.00113194	
0.00792498	0.00792498	0.00547544	0.00525023	0.00536523	0.00635714	0.00732510	0.00687466	
