Apparent quantum yield (APQY) definition file for each of our different CDOMS
This file is normalized for randomly varying between 1 mg l maximum aqy
And also the integrated AQY is 3045.9 mg mol photons (.2838 mol C per mol Photons)
FRaction of CDOC3 to NCDOC1,2,3
  FPDC31   FPDC32   FPDC33
   0.5000  0.2500   0.2500

Fraction of CDOC2 to NCDOC 1,2 and 3
  FPDC21   FPDC22   FPDC23   
   0.500   0.2500   0.2500

Fraction of CDOC1 to NCDOC 1,2 and 3
  FPDC11   FPDC12   FPDC13   
   0.5000  0.2500   0.2500


APQY3-->2	APQY3-->1     APQY3-->DIC    APQY3--NCDOM   APQY2-->1      APQY2-->DIC	  APQY2--NC      APQY1-->DIC    APQY1-->NC
0.000000000000      0.478333333333      0.004625000000      0.004625000000      4.670833333333      0.000000001346      0.000000001346      0.069375000000      0.069375000000
      0.000000000000      0.468393071386      0.004528887711      0.004528887711      4.445256176129      0.000000001281      0.000000001318      0.067136413512      0.067136413512
      0.000000000000      0.458659378374      0.004434772735      0.004434772735      4.230573232060      0.000000001219      0.000000001290      0.064970061538      0.064970061538
      0.000000000000      0.449127961581      0.004342613566      0.004342613566      4.026258366826      0.000000001160      0.000000001264      0.062873613222      0.062873613222
      0.000000000000      0.439794617499      0.004252369559      0.004252369559      3.831810855698      0.000000001104      0.000000001237      0.060844812919      0.060844812919
      0.000000000000      0.430655229970      0.004164000917      0.004164000917      3.646754156371      0.000000001051      0.000000001212      0.058881477768      0.058881477768
      0.000000000000      0.421705768378      0.004077468666      0.004077468666      3.470634741074      0.000000001000      0.000000001187      0.056981495346      0.056981495346
      0.000000000000      0.412942285864      0.003992734646      0.003992734646      3.303020985088      0.000000000952      0.000000001162      0.055142821391      0.055142821391
      0.000000000000      0.404360917591      0.003909761485      0.003909761485      3.143502108941      0.000000000906      0.000000001138      0.053363477609      0.053363477609
      0.000000000000      0.395957879036      0.003828512593      0.003828512593      2.991687171692      0.000000000862      0.000000001114      0.051641549538      0.051641549538
      0.000000000000      0.387729464322      0.003748952138      0.003748952138      2.847204112830      0.000000000820      0.000000001091      0.049975184492      0.049975184492
      0.000000000000      0.379672044587      0.003671045030      0.003671045030      2.709698840448      0.000000000781      0.000000001068      0.048362589569      0.048362589569
      0.000000000000      0.371782066376      0.003594756914      0.003594756914      2.578834363450      0.000000000743      0.000000001046      0.046802029720      0.046802029720
      0.000000000000      0.364056050083      0.003520054143      0.003520054143      2.454289965675      0.000000000707      0.000000001024      0.045291825880      0.045291825880
      0.000000000000      0.356490588407      0.003446903773      0.003446903773      2.335760419896      0.000000000673      0.000000001003      0.043830353168      0.043830353168
      0.000000000000      0.349082344859      0.003375273543      0.003375273543      2.222955239786      0.000000000641      0.000000000982      0.042416039130      0.042416039130
      0.000000000000      0.341828052282      0.003305131864      0.003305131864      2.115597968011      0.000000000610      0.000000000962      0.041047362054      0.041047362054
      0.000000000000      0.334724511416      0.003236447802      0.003236447802      2.013425498699      0.000000000580      0.000000000942      0.039722849333      0.039722849333
      0.000000000000      0.327768589485      0.003169191066      0.003169191066      1.916187432635      0.000000000552      0.000000000922      0.038441075872      0.038441075872
      0.000000000000      0.320957218814      0.003103331994      0.003103331994      1.823645463595      0.000000000525      0.000000000903      0.037200662567      0.037200662567
      0.000000000000      0.314287395478      0.003038841542      0.003038841542      1.735572794315      0.000000000500      0.000000000884      0.036000274811      0.036000274811
      0.000000000000      0.307756177977      0.002975691268      0.002975691268      1.651753580671      0.000000000476      0.000000000866      0.034838621063      0.034838621063
      0.000000000000      0.301360685939      0.002913853322      0.002913853322      1.571982402695      0.000000000453      0.000000000848      0.033714451457      0.033714451457
      0.000000000000      0.295098098847      0.002853300433      0.002853300433      1.496063761145      0.000000000431      0.000000000830      0.032626556459      0.032626556459
      0.000000000000      0.288965654799      0.002794005896      0.002794005896      1.423811598383      0.000000000410      0.000000000813      0.031573765563      0.031573765563
      0.000000000000      0.282960649289      0.002735943560      0.002735943560      1.355048842395      0.000000000390      0.000000000796      0.030554946031      0.030554946031
      0.000000000000      0.277080434010      0.002679087820      0.002679087820      1.289606972834      0.000000000372      0.000000000780      0.029569001680      0.029569001680
      0.000000000000      0.271322415694      0.002623413601      0.002623413601      1.227325608015      0.000000000354      0.000000000763      0.028614871697      0.028614871697
      0.000000000000      0.265684054961      0.002568896350      0.002568896350      1.168052111861      0.000000000337      0.000000000748      0.027691529496      0.027691529496
      0.000000000000      0.260162865201      0.002515512024      0.002515512024      1.111641219830      0.000000000320      0.000000000732      0.026797981622      0.026797981622
      0.000000000000      0.254756411482      0.002463237080      0.002463237080      1.057954682910      0.000000000305      0.000000000717      0.025933266673      0.025933266673
      0.000000000000      0.249462309468      0.002412048463      0.002412048463      1.006860928800      0.000000000290      0.000000000702      0.025096454271      0.025096454271
      0.000000000000      0.244278224377      0.002361923598      0.002361923598      0.958234739465      0.000000000276      0.000000000687      0.024286644060      0.024286644060
      0.000000000000      0.239201869941      0.002312840380      0.002312840380      0.911956944254      0.000000000263      0.000000000673      0.023502964734      0.023502964734
      0.000000000000      0.234231007407      0.002264777162      0.002264777162      0.867914127845      0.000000000250      0.000000000659      0.022744573104      0.022744573104
      0.000000000000      0.229363444543      0.002217712748      0.002217712748      0.825998352290      0.000000000238      0.000000000645      0.022010653190      0.022010653190
      0.000000000000      0.224597034675      0.002171626381      0.002171626381      0.786106892486      0.000000000227      0.000000000632      0.021300415340      0.021300415340
      0.000000000000      0.219929675740      0.002126497736      0.002126497736      0.748141984426      0.000000000216      0.000000000619      0.020613095384      0.020613095384
      0.000000000000      0.215359309357      0.002082306911      0.002082306911      0.712010585597      0.000000000205      0.000000000606      0.019947953808      0.019947953808
      0.000000000000      0.210883919918      0.002039034417      0.002039034417      0.677624146960      0.000000000195      0.000000000593      0.019304274963      0.019304274963
      0.000000000000      0.206501533707      0.001996661171      0.001996661171      0.644898395940      0.000000000186      0.000000000581      0.018681366291      0.018681366291
      0.000000000000      0.202210218018      0.001955168484      0.001955168484      0.613753129890      0.000000000177      0.000000000569      0.018078557583      0.018078557583
      0.000000000000      0.198008080313      0.001914538059      0.001914538059      0.584112019538      0.000000000168      0.000000000557      0.017495200253      0.017495200253
      0.000000000000      0.193893267381      0.001874751976      0.001874751976      0.555902421924      0.000000000160      0.000000000546      0.016930666647      0.016930666647
      0.000000000000      0.189863964522      0.001835792688      0.001835792688      0.529055202366      0.000000000152      0.000000000534      0.016384349363      0.016384349363
      0.000000000000      0.185918394748      0.001797643015      0.001797643015      0.503504565030      0.000000000145      0.000000000523      0.015855660598      0.015855660598
      0.000000000000      0.182054818000      0.001760286132      0.001760286132      0.479187891685      0.000000000138      0.000000000512      0.015344031515      0.015344031515
      0.000000000000      0.178271530376      0.001723705564      0.001723705564      0.456045588233      0.000000000131      0.000000000502      0.014848911636      0.014848911636
      0.000000000000      0.174566863387      0.001687885177      0.001687885177      0.434020938667      0.000000000125      0.000000000491      0.014369768242      0.014369768242
      0.000000000000      0.170939183214      0.001652809176      0.001652809176      0.413059966068      0.000000000119      0.000000000481      0.013906085806      0.013906085806
      0.000000000000      0.167386889992      0.001618462090      0.001618462090      0.393111300327      0.000000000113      0.000000000471      0.013457365434      0.013457365434
      0.000000000000      0.163908417100      0.001584828772      0.001584828772      0.374126052243      0.000000000108      0.000000000461      0.013023124332      0.013023124332
      0.000000000000      0.160502230477      0.001551894389      0.001551894389      0.356057693713      0.000000000103      0.000000000452      0.012602895285      0.012602895285
      0.000000000000      0.157166827939      0.001519644416      0.001519644416      0.338861943701      0.000000000098      0.000000000442      0.012196226152      0.012196226152
      0.000000000000      0.153900738519      0.001488064632      0.001488064632      0.322496659716      0.000000000093      0.000000000433      0.011802679383      0.011802679383
      0.000000000000      0.150702521819      0.001457141108      0.001457141108      0.306921734533      0.000000000088      0.000000000424      0.011421831548      0.011421831548
      0.000000000000      0.147570767373      0.001426860207      0.001426860207      0.292098997900      0.000000000084      0.000000000415      0.011053272877      0.011053272877
      0.000000000000      0.144504094028      0.001397208575      0.001397208575      0.277992122988      0.000000000080      0.000000000407      0.010696606826      0.010696606826
      0.000000000000      0.141501149330      0.001368173134      0.001368173134      0.264566537369      0.000000000076      0.000000000398      0.010351449643      0.010351449643
      0.000000000000      0.138560608933      0.001339741079      0.001339741079      0.251789338284      0.000000000073      0.000000000390      0.010017429963      0.010017429963
      0.000000000000      0.135681176009      0.001311899873      0.001311899873      0.239629212009      0.000000000069      0.000000000382      0.009694188401      0.009694188401
      0.000000000000      0.132861580683      0.001284637235      0.001284637235      0.228056357109      0.000000000066      0.000000000374      0.009381377170      0.009381377170
      0.000000000000      0.130100579468      0.001257941143      0.001257941143      0.217042411406      0.000000000063      0.000000000366      0.009078659704      0.009078659704
      0.000000000000      0.127396954716      0.001231799823      0.001231799823      0.206560382470      0.000000000060      0.000000000358      0.008785710300      0.008785710300
      0.000000000000      0.124749514086      0.001206201748      0.001206201748      0.196584581463      0.000000000057      0.000000000351      0.008502213761      0.008502213761
      0.000000000000      0.122157090014      0.001181135626      0.001181135626      0.187090560189      0.000000000054      0.000000000344      0.008227865064      0.008227865064
      0.000000000000      0.119618539199      0.001156590405      0.001156590405      0.178055051170      0.000000000051      0.000000000337      0.007962369027      0.007962369027
      0.000000000000      0.117132742097      0.001132555259      0.001132555259      0.169455910631      0.000000000049      0.000000000330      0.007705439993      0.007705439993
      0.000000000000      0.114698602434      0.001109019588      0.001109019588      0.161272064224      0.000000000046      0.000000000323      0.007456801523      0.007456801523
      0.000000000000      0.112315046713      0.001085973013      0.001085973013      0.153483455385      0.000000000044      0.000000000316      0.007216186098      0.007216186098
      0.000000000000      0.109981023748      0.001063405369      0.001063405369      0.146070996179      0.000000000042      0.000000000309      0.006983334830      0.006983334830
      0.000000000000      0.107695504196      0.001041306704      0.001041306704      0.139016520518      0.000000000040      0.000000000303      0.006757997187      0.006757997187
      0.000000000000      0.105457480108      0.001019667273      0.001019667273      0.132302739643      0.000000000038      0.000000000297      0.006539930720      0.006539930720
      0.000000000000      0.103265964478      0.000998477531      0.000998477531      0.125913199754      0.000000000036      0.000000000291      0.006328900802      0.006328900802
      0.000000000000      0.101119990811      0.000977728134      0.000977728134      0.119832241683      0.000000000035      0.000000000285      0.006124680379      0.006124680379
      0.000000000000      0.099018612699      0.000957409931      0.000957409931      0.114044962521      0.000000000033      0.000000000279      0.005927049723      0.005927049723
      0.000000000000      0.096960903400      0.000937513961      0.000937513961      0.108537179090      0.000000000031      0.000000000273      0.005735796196      0.005735796196
      0.000000000000      0.094945955431      0.000918031451      0.000918031451      0.103295393190      0.000000000030      0.000000000267      0.005550714022      0.005550714022
      0.000000000000      0.092972880168      0.000898953806      0.000898953806      0.098306758511      0.000000000028      0.000000000262      0.005371604063      0.005371604063
      0.000000000000      0.091040807451      0.000880272616      0.000880272616      0.093559049154      0.000000000027      0.000000000256      0.005198273608      0.005198273608
      0.000000000000      0.089148885206      0.000861979639      0.000861979639      0.089040629670      0.000000000026      0.000000000251      0.005030536166      0.005030536166
      0.000000000000      0.087296279063      0.000844066810      0.000844066810      0.084740426541      0.000000000024      0.000000000246      0.004868211261      0.004868211261
      0.000000000000      0.085482171995      0.000826526227      0.000826526227      0.080647901042      0.000000000023      0.000000000241      0.004711124242      0.004711124242
      0.000000000000      0.083705763950      0.000809350157      0.000809350157      0.076753023414      0.000000000022      0.000000000236      0.004559106093      0.004559106093
      0.000000000000      0.081966271504      0.000792531022      0.000792531022      0.073046248286      0.000000000021      0.000000000231      0.004411993253      0.004411993253
      0.000000000000      0.080262927512      0.000776061407      0.000776061407      0.069518491276      0.000000000020      0.000000000226      0.004269627437      0.004269627437
      0.000000000000      0.078594980771      0.000759934048      0.000759934048      0.066161106734      0.000000000019      0.000000000221      0.004131855469      0.004131855469
      0.000000000000      0.076961695691      0.000744141831      0.000744141831      0.062965866546      0.000000000018      0.000000000217      0.003998529114      0.003998529114
      0.000000000000      0.075362351966      0.000728677793      0.000728677793      0.059924939979      0.000000000017      0.000000000212      0.003869504923      0.003869504923
      0.000000000000      0.073796244260      0.000713535114      0.000713535114      0.057030874479      0.000000000016      0.000000000208      0.003744644074      0.003744644074
      0.000000000000      0.072262681893      0.000698707116      0.000698707116      0.054276577414      0.000000000016      0.000000000203      0.003623812223      0.003623812223
      0.000000000000      0.070760988541      0.000684187259      0.000684187259      0.051655298691      0.000000000015      0.000000000199      0.003506879364      0.003506879364
      0.000000000000      0.069290501931      0.000669969139      0.000669969139      0.049160614210      0.000000000014      0.000000000195      0.003393719685      0.003393719685
      0.000000000000      0.067850573555      0.000656046486      0.000656046486      0.046786410120      0.000000000013      0.000000000191      0.003284211432      0.003284211432
      0.000000000000      0.066440568382      0.000642413161      0.000642413161      0.044526867842      0.000000000013      0.000000000187      0.003178236782      0.003178236782
      0.000000000000      0.065059864576      0.000629063151      0.000629063151      0.042376449801      0.000000000012      0.000000000183      0.003075681713      0.003075681713
      0.000000000000      0.063707853226      0.000615990567      0.000615990567      0.040329885859      0.000000000012      0.000000000179      0.002976435882      0.002976435882
      0.000000000000      0.062383938071      0.000603189645      0.000603189645      0.038382160399      0.000000000011      0.000000000176      0.002880392507      0.002880392507
      0.000000000000      0.061087535243      0.000590654740      0.000590654740      0.036528500032      0.000000000011      0.000000000172      0.002787448251      0.002787448251
      0.000000000000      0.059818073009      0.000578380323      0.000578380323      0.034764361900      0.000000000010      0.000000000168      0.002697503113      0.002697503113
      0.000000000000      0.058574991514      0.000566360981      0.000566360981      0.033085422539      0.000000000010      0.000000000165      0.002610460316      0.002610460316
      0.000000000000      0.057357742540      0.000554591413      0.000554591413      0.031487567290      0.000000000009      0.000000000161      0.002526226209      0.002526226209
      0.000000000000      0.056165789260      0.000543066429      0.000543066429      0.029966880207      0.000000000009      0.000000000158      0.002444710160      0.002444710160
      0.000000000000      0.054998606004      0.000531780947      0.000531780947      0.028519634466      0.000000000008      0.000000000155      0.002365824465      0.002365824465
      0.000000000000      0.053855678024      0.000520729988      0.000520729988      0.027142283230      0.000000000008      0.000000000152      0.002289484246      0.002289484246
      0.000000000000      0.052736501271      0.000509908680      0.000509908680      0.025831450953      0.000000000007      0.000000000148      0.002215607367      0.002215607367
      0.000000000000      0.051640582169      0.000499312249      0.000499312249      0.024583925114      0.000000000007      0.000000000145      0.002144114340      0.002144114340
      0.000000000000      0.050567437402      0.000488936024      0.000488936024      0.023396648339      0.000000000007      0.000000000142      0.002074928244      0.002074928244
      0.000000000000      0.049516593693      0.000478775427      0.000478775427      0.022266710907      0.000000000006      0.000000000139      0.002007974640      0.002007974640
      0.000000000000      0.048487587605      0.000468825978      0.000468825978      0.021191343625      0.000000000006      0.000000000136      0.001943181488      0.001943181488
      0.000000000000      0.047479965329      0.000459083288      0.000459083288      0.020167911036      0.000000000006      0.000000000134      0.001880479076      0.001880479076
      0.000000000000      0.046493282488      0.000449543062      0.000449543062      0.019193904961      0.000000000006      0.000000000131      0.001819799940      0.001819799940
      0.000000000000      0.045527103937      0.000440201092      0.000440201092      0.018266938357      0.000000000005      0.000000000128      0.001761078793      0.001761078793
      0.000000000000      0.044581003577      0.000431053258      0.000431053258      0.017384739457      0.000000000005      0.000000000125      0.001704252455      0.001704252455
      0.000000000000      0.043654564162      0.000422095525      0.000422095525      0.016545146214      0.000000000005      0.000000000123      0.001649259785      0.001649259785
      0.000000000000      0.042747377118      0.000413323943      0.000413323943      0.015746100994      0.000000000005      0.000000000120      0.001596041613      0.001596041613
      0.000000000000      0.041859042359      0.000404734643      0.000404734643      0.014985645537      0.000000000004      0.000000000118      0.001544540681      0.001544540681
      0.000000000000      0.040989168117      0.000396323838      0.000396323838      0.014261916155      0.000000000004      0.000000000115      0.001494701576      0.001494701576
      0.000000000000      0.040137370762      0.000388087818      0.000388087818      0.013573139170      0.000000000004      0.000000000113      0.001446470675      0.001446470675
      0.000000000000      0.039303274638      0.000380022952      0.000380022952      0.012917626560      0.000000000004      0.000000000111      0.001399796084      0.001399796084
      0.000000000000      0.038486511895      0.000372125681      0.000372125681      0.012293771828      0.000000000004      0.000000000108      0.001354627586      0.001354627586
      0.000000000000      0.037686722328      0.000364392524      0.000364392524      0.011700046062      0.000000000003      0.000000000106      0.001310916580      0.001310916580
      0.000000000000      0.036903553216      0.000356820070      0.000356820070      0.011134994188      0.000000000003      0.000000000104      0.001268616038      0.001268616038
      0.000000000000      0.036136659169      0.000349404980      0.000349404980      0.010597231404      0.000000000003      0.000000000102      0.001227680445      0.001227680445
      0.000000000000      0.035385701975      0.000342143983      0.000342143983      0.010085439789      0.000000000003      0.000000000100      0.001188065759      0.001188065759
      0.000000000000      0.034650350448      0.000335033876      0.000335033876      0.009598365070      0.000000000003      0.000000000097      0.001149729356      0.001149729356
      0.000000000000      0.033930280288      0.000328071525      0.000328071525      0.009134813546      0.000000000003      0.000000000095      0.001112629989      0.001112629989
      0.000000000000      0.033225173931      0.000321253859      0.000321253859      0.008693649171      0.000000000003      0.000000000093      0.001076727741      0.001076727741
      0.000000000000      0.032534720414      0.000314577872      0.000314577872      0.008273790759      0.000000000002      0.000000000092      0.001041983983      0.001041983983
      0.000000000000      0.031858615237      0.000308040618      0.000308040618      0.007874209342      0.000000000002      0.000000000090      0.001008361334      0.001008361334
      0.000000000000      0.031196560225      0.000301639215      0.000301639215      0.007493925647      0.000000000002      0.000000000088      0.000975823618      0.000975823618
      0.000000000000      0.030548263401      0.000295370840      0.000295370840      0.007132007693      0.000000000002      0.000000000086      0.000944335826      0.000944335826
      0.000000000000      0.029913438857      0.000289232728      0.000289232728      0.006787568510      0.000000000002      0.000000000084      0.000913864080      0.000913864080
      0.000000000000      0.029291806624      0.000283222172      0.000283222172      0.006459763962      0.000000000002      0.000000000082      0.000884375593      0.000884375593
      0.000000000000      0.028683092553      0.000277336522      0.000277336522      0.006147790683      0.000000000002      0.000000000081      0.000855838638      0.000855838638
      0.000000000000      0.028087028191      0.000271573182      0.000271573182      0.005850884104      0.000000000002      0.000000000079      0.000828222511      0.000828222511
      0.000000000000      0.027503350663      0.000265929610      0.000265929610      0.005568316581      0.000000000002      0.000000000077      0.000801497499      0.000801497499
      0.000000000000      0.026931802558      0.000260403317      0.000260403317      0.005299395613      0.000000000002      0.000000000076      0.000775634847      0.000775634847
      0.000000000000      0.026372131815      0.000254991867      0.000254991867      0.005043462140      0.000000000001      0.000000000074      0.000750606729      0.000750606729
      0.000000000000      0.025824091609      0.000249692872      0.000249692872      0.004799888933      0.000000000001      0.000000000073      0.000726386216      0.000726386216
      0.000000000000      0.025287440247      0.000244503995      0.000244503995      0.004568079056      0.000000000001      0.000000000071      0.000702947248      0.000702947248
      0.000000000000      0.024761941055      0.000239422949      0.000239422949      0.004347464400      0.000000000001      0.000000000070      0.000680264607      0.000680264607
      0.000000000000      0.024247362280      0.000234447492      0.000234447492      0.004137504295      0.000000000001      0.000000000068      0.000658313888      0.000658313888
      0.000000000000      0.023743476986      0.000229575431      0.000229575431      0.003937684179      0.000000000001      0.000000000067      0.000637071473      0.000637071473
      0.000000000000      0.023250062949      0.000224804616      0.000224804616      0.003747514344      0.000000000001      0.000000000065      0.000616514505      0.000616514505
      0.000000000000      0.022766902567      0.000220132943      0.000220132943      0.003566528732      0.000000000001      0.000000000064      0.000596620869      0.000596620869
      0.000000000000      0.022293782758      0.000215558352      0.000215558352      0.003394283791      0.000000000001      0.000000000063      0.000577369158      0.000577369158
      0.000000000000      0.021830494869      0.000211078827      0.000211078827      0.003230357392      0.000000000001      0.000000000061      0.000558738660      0.000558738660
      0.000000000000      0.021376834582      0.000206692390      0.000206692390      0.003074347792      0.000000000001      0.000000000060      0.000540709330      0.000540709330
      0.000000000000      0.020932601825      0.000202397108      0.000202397108      0.002925872652      0.000000000001      0.000000000059      0.000523261768      0.000523261768
      0.000000000000      0.020497600685      0.000198191087      0.000198191087      0.002784568095      0.000000000001      0.000000000058      0.000506377202      0.000506377202
      0.000000000000      0.020071639319      0.000194072471      0.000194072471      0.002650087819      0.000000000001      0.000000000056      0.000490037467      0.000490037467
      0.000000000000      0.019654529871      0.000190039444      0.000190039444      0.002522102247      0.000000000001      0.000000000055      0.000474224980      0.000474224980
      0.000000000000      0.019246088389      0.000186090227      0.000186090227      0.002400297718      0.000000000001      0.000000000054      0.000458922730      0.000458922730
      0.000000000000      0.018846134745      0.000182223080      0.000182223080      0.002284375719      0.000000000001      0.000000000053      0.000444114251      0.000444114251
      0.000000000000      0.018454492551      0.000178436296      0.000178436296      0.002174052155      0.000000000001      0.000000000052      0.000429783611      0.000429783611
      0.000000000000      0.018070989087      0.000174728205      0.000174728205      0.002069056650      0.000000000001      0.000000000051      0.000415915390      0.000415915390
      0.000000000000      0.017695455223      0.000171097172      0.000171097172      0.001969131886      0.000000000001      0.000000000050      0.000402494669      0.000402494669
      0.000000000000      0.017327725341      0.000167541595      0.000167541595      0.001874032973      0.000000000001      0.000000000049      0.000389507006      0.000389507006
      0.000000000000      0.016967637266      0.000164059907      0.000164059907      0.001783526847      0.000000000001      0.000000000048      0.000376938427      0.000376938427
      0.000000000000      0.016615032195      0.000160650573      0.000160650573      0.001697391700      0.000000000000      0.000000000047      0.000364775411      0.000364775411
      0.000000000000      0.016269754623      0.000157312087      0.000157312087      0.001615416436      0.000000000000      0.000000000046      0.000353004869      0.000353004869
      0.000000000000      0.015931652275      0.000154042979      0.000154042979      0.001537400155      0.000000000000      0.000000000045      0.000341614139      0.000341614139
      0.000000000000      0.015600576045      0.000150841807      0.000150841807      0.001463151658      0.000000000000      0.000000000044      0.000330590963      0.000330590963
      0.000000000000      0.015276379921      0.000147707158      0.000147707158      0.001392488980      0.000000000000      0.000000000043      0.000319923483      0.000319923483
      0.000000000000      0.014958920929      0.000144637650      0.000144637650      0.001325238945      0.000000000000      0.000000000042      0.000309600220      0.000309600220
      0.000000000000      0.014648059063      0.000141631930      0.000141631930      0.001261236739      0.000000000000      0.000000000041      0.000299610067      0.000299610067
      0.000000000000      0.014343657229      0.000138688672      0.000138688672      0.001200325510      0.000000000000      0.000000000040      0.000289942275      0.000289942275
      0.000000000000      0.014045581180      0.000135806578      0.000135806578      0.001142355980      0.000000000000      0.000000000040      0.000280586443      0.000280586443
      0.000000000000      0.013753699460      0.000132984376      0.000132984376      0.001087186078      0.000000000000      0.000000000039      0.000271532504      0.000271532504
      0.000000000000      0.013467883344      0.000130220823      0.000130220823      0.001034680599      0.000000000000      0.000000000038      0.000262770716      0.000262770716
      0.000000000000      0.013188006783      0.000127514700      0.000127514700      0.000984710863      0.000000000000      0.000000000037      0.000254291654      0.000254291654
      0.000000000000      0.012913946347      0.000124864812      0.000124864812      0.000937154407      0.000000000000      0.000000000036      0.000246086193      0.000246086193
      0.000000000000      0.012645581170      0.000122269992      0.000122269992      0.000891894683      0.000000000000      0.000000000036      0.000238145505      0.000238145505
      0.000000000000      0.012382792900      0.000119729095      0.000119729095      0.000848820771      0.000000000000      0.000000000035      0.000230461046      0.000230461046
      0.000000000000      0.012125465642      0.000117241001      0.000117241001      0.000807827106      0.000000000000      0.000000000034      0.000223024549      0.000223024549
      0.000000000000      0.011873485911      0.000114804611      0.000114804611      0.000768813224      0.000000000000      0.000000000033      0.000215828012      0.000215828012
      0.000000000000      0.011626742579      0.000112418852      0.000112418852      0.000731683510      0.000000000000      0.000000000033      0.000208863693      0.000208863693
      0.000000000000      0.011385126830      0.000110082672      0.000110082672      0.000696346971      0.000000000000      0.000000000032      0.000202124097      0.000202124097
      0.000000000000      0.011148532106      0.000107795040      0.000107795040      0.000662717004      0.000000000000      0.000000000031      0.000195601974      0.000195601974
      0.000000000000      0.010916854065      0.000105554948      0.000105554948      0.000630711191      0.000000000000      0.000000000031      0.000189290307      0.000189290307
      0.000000000000      0.010689990534      0.000103361407      0.000103361407      0.000600251094      0.000000000000      0.000000000030      0.000183182304      0.000183182304
      0.000000000000      0.010467841462      0.000101213450      0.000101213450      0.000571262062      0.000000000000      0.000000000029      0.000177271393      0.000177271393
      0.000000000000      0.010250308878      0.000099110129      0.000099110129      0.000543673051      0.000000000000      0.000000000029      0.000171551215      0.000171551215
      0.000000000000      0.010037296846      0.000097050518      0.000097050518      0.000517416447      0.000000000000      0.000000000028      0.000166015615      0.000166015615
      0.000000000000      0.009828711424      0.000095033708      0.000095033708      0.000492427902      0.000000000000      0.000000000028      0.000160658638      0.000160658638
      0.000000000000      0.009624460624      0.000093058809      0.000093058809      0.000468646174      0.000000000000      0.000000000027      0.000155474519      0.000155474519
      0.000000000000      0.009424454367      0.000091124951      0.000091124951      0.000446012981      0.000000000000      0.000000000027      0.000150457680      0.000150457680
      0.000000000000      0.009228604447      0.000089231280      0.000089231280      0.000424472855      0.000000000000      0.000000000026      0.000145602725      0.000145602725
      0.000000000000      0.009036824491      0.000087376962      0.000087376962      0.000403973006      0.000000000000      0.000000000025      0.000140904429      0.000140904429
      0.000000000000      0.008849029921      0.000085561178      0.000085561178      0.000384463193      0.000000000000      0.000000000025      0.000136357737      0.000136357737
      0.000000000000      0.008665137916      0.000083783128      0.000083783128      0.000365895604      0.000000000000      0.000000000024      0.000131957757      0.000131957757
      0.000000000000      0.008485067378      0.000082042028      0.000082042028      0.000348224734      0.000000000000      0.000000000024      0.000127699756      0.000127699756
      0.000000000000      0.008308738892      0.000080337110      0.000080337110      0.000331407275      0.000000000000      0.000000000023      0.000123579151      0.000123579151
      0.000000000000      0.008136074695      0.000078667621      0.000078667621      0.000315402013      0.000000000000      0.000000000023      0.000119591510      0.000119591510
      0.000000000000      0.007966998639      0.000077032827      0.000077032827      0.000300169723      0.000000000000      0.000000000022      0.000115732541      0.000115732541
      0.000000000000      0.007801436158      0.000075432005      0.000075432005      0.000285673074      0.000000000000      0.000000000022      0.000111998094      0.000111998094
      0.000000000000      0.007639314236      0.000073864449      0.000073864449      0.000271876538      0.000000000000      0.000000000021      0.000108384149      0.000108384149
      0.000000000000      0.007480561377      0.000072329470      0.000072329470      0.000258746303      0.000000000000      0.000000000021      0.000104886819      0.000104886819
      0.000000000000      0.007325107566      0.000070826388      0.000070826388      0.000246250191      0.000000000000      0.000000000021      0.000101502340      0.000101502340
      0.000000000000      0.007172884246      0.000069354543      0.000069354543      0.000234357577      0.000000000000      0.000000000020      0.000098227071      0.000098227071
      0.000000000000      0.007023824284      0.000067913284      0.000067913284      0.000223039315      0.000000000000      0.000000000020      0.000095057489      0.000095057489
      0.000000000000      0.006877861943      0.000066501975      0.000066501975      0.000212267667      0.000000000000      0.000000000019      0.000091990182      0.000091990182
      0.000000000000      0.006734932850      0.000065119995      0.000065119995      0.000202016233      0.000000000000      0.000000000019      0.000089021851      0.000089021851
      0.000000000000      0.006594973972      0.000063766734      0.000063766734      0.000192259891      0.000000000000      0.000000000019      0.000086149301      0.000086149301
      0.000000000000      0.006457923584      0.000062441596      0.000062441596      0.000182974730      0.000000000000      0.000000000018      0.000083369443      0.000083369443
      0.000000000000      0.006323721245      0.000061143995      0.000061143995      0.000174137995      0.000000000000      0.000000000018      0.000080679285      0.000080679285
      0.000000000000      0.006192307770      0.000059873359      0.000059873359      0.000165728028      0.000000000000      0.000000000017      0.000078075933      0.000078075933
      0.000000000000      0.006063625203      0.000058629129      0.000058629129      0.000157724219      0.000000000000      0.000000000017      0.000075556585      0.000075556585
      0.000000000000      0.005937616793      0.000057410755      0.000057410755      0.000150106953      0.000000000000      0.000000000017      0.000073118532      0.000073118532
      0.000000000000      0.005814226968      0.000056217700      0.000056217700      0.000142857561      0.000000000000      0.000000000016      0.000070759150      0.000070759150
      0.000000000000      0.005693401311      0.000055049438      0.000055049438      0.000135958278      0.000000000000      0.000000000016      0.000068475899      0.000068475899
      0.000000000000      0.005575086537      0.000053905453      0.000053905453      0.000129392194      0.000000000000      0.000000000016      0.000066266325      0.000066266325
      0.000000000000      0.005459230466      0.000052785242      0.000052785242      0.000123143219      0.000000000000      0.000000000015      0.000064128049      0.000064128049
      0.000000000000      0.005345782004      0.000051688310      0.000051688310      0.000117196036      0.000000000000      0.000000000015      0.000062058771      0.000062058771
      0.000000000000      0.005234691119      0.000050614174      0.000050614174      0.000111536072      0.000000000000      0.000000000015      0.000060056264      0.000060056264
      0.000000000000      0.005125908817      0.000049562359      0.000049562359      0.000106149455      0.000000000000      0.000000000014      0.000058118373      0.000058118373
      0.000000000000      0.005019387125      0.000048532402      0.000048532402      0.000101022984      0.000000000000      0.000000000014      0.000056243015      0.000056243015
      0.000000000000      0.004915079063      0.000047523848      0.000047523848      0.000096144095      0.000000000000      0.000000000014      0.000054428170      0.000054428170
      0.000000000000      0.004812938631      0.000046536253      0.000046536253      0.000091500831      0.000000000000      0.000000000014      0.000052671887      0.000052671887
      0.000000000000      0.004712920783      0.000045569182      0.000045569182      0.000087081813      0.000000000000      0.000000000013      0.000050972275      0.000050972275
      0.000000000000      0.004614981409      0.000044622207      0.000044622207      0.000082876211      0.000000000000      0.000000000013      0.000049327506      0.000049327506
      0.000000000000      0.004519077317      0.000043694911      0.000043694911      0.000078873717      0.000000000000      0.000000000013      0.000047735810      0.000047735810
      0.000000000000      0.004425166211      0.000042786886      0.000042786886      0.000075064524      0.000000000000      0.000000000012      0.000046195475      0.000046195475
      0.000000000000      0.004333206675      0.000041897730      0.000041897730      0.000071439294      0.000000000000      0.000000000012      0.000044704843      0.000044704843
      0.000000000000      0.004243158154      0.000041027052      0.000041027052      0.000067989145      0.000000000000      0.000000000012      0.000043262311      0.000043262311
      0.000000000000      0.004154980934      0.000040174467      0.000040174467      0.000064705620      0.000000000000      0.000000000012      0.000041866327      0.000041866327
      0.000000000000      0.004068636128      0.000039339600      0.000039339600      0.000061580672      0.000000000000      0.000000000011      0.000040515388      0.000040515388
      0.000000000000      0.003984085656      0.000038522083      0.000038522083      0.000058606643      0.000000000000      0.000000000011      0.000039208041      0.000039208041
      0.000000000000      0.003901292231      0.000037721554      0.000037721554      0.000055776245      0.000000000000      0.000000000011      0.000037942879      0.000037942879
      0.000000000000      0.003820219339      0.000036937661      0.000036937661      0.000053082540      0.000000000000      0.000000000011      0.000036718542      0.000036718542
      0.000000000000      0.003740831225      0.000036170058      0.000036170058      0.000050518927      0.000000000000      0.000000000011      0.000035533711      0.000035533711
      0.000000000000      0.003663092879      0.000035418407      0.000035418407      0.000048079123      0.000000000000      0.000000000010      0.000034387112      0.000034387112
      0.000000000000      0.003586970016      0.000034682376      0.000034682376      0.000045757150      0.000000000000      0.000000000010      0.000033277512      0.000033277512
      0.000000000000      0.003512429065      0.000033961640      0.000033961640      0.000043547315      0.000000000000      0.000000000010      0.000032203716      0.000032203716
      0.000000000000      0.003439437152      0.000033255882      0.000033255882      0.000041444205      0.000000000000      0.000000000010      0.000031164569      0.000031164569
      0.000000000000      0.003367962087      0.000032564790      0.000032564790      0.000039442663      0.000000000000      0.000000000009      0.000030158954      0.000030158954
      0.000000000000      0.003297972348      0.000031888060      0.000031888060      0.000037537786      0.000000000000      0.000000000009      0.000029185787      0.000029185787
      0.000000000000      0.003229437067      0.000031225393      0.000031225393      0.000035724905      0.000000000000      0.000000000009      0.000028244023      0.000028244023
      0.000000000000      0.003162326021      0.000030576497      0.000030576497      0.000033999576      0.000000000000      0.000000000009      0.000027332647      0.000027332647
      0.000000000000      0.003096609612      0.000029941086      0.000029941086      0.000032357572      0.000000000000      0.000000000009      0.000026450680      0.000026450680
      0.000000000000      0.003032258858      0.000029318879      0.000029318879      0.000030794868      0.000000000000      0.000000000009      0.000025597171      0.000025597171
      0.000000000000      0.002969245379      0.000028709603      0.000028709603      0.000029307635      0.000000000000      0.000000000008      0.000024771204      0.000024771204
      0.000000000000      0.002907541386      0.000028112987      0.000028112987      0.000027892227      0.000000000000      0.000000000008      0.000023971889      0.000023971889
      0.000000000000      0.002847119665      0.000027528770      0.000027528770      0.000026545177      0.000000000000      0.000000000008      0.000023198366      0.000023198366
      0.000000000000      0.002787953571      0.000026956694      0.000026956694      0.000025263181      0.000000000000      0.000000000008      0.000022449803      0.000022449803
      0.000000000000      0.002730017009      0.000026396506      0.000026396506      0.000024043100      0.000000000000      0.000000000008      0.000021725395      0.000021725395
      0.000000000000      0.002673284429      0.000025847959      0.000025847959      0.000022881942      0.000000000000      0.000000000008      0.000021024362      0.000021024362
      0.000000000000      0.002617730810      0.000025310812      0.000025310812      0.000021776863      0.000000000000      0.000000000007      0.000020345950      0.000020345950
      0.000000000000      0.002563331654      0.000024784827      0.000024784827      0.000020725152      0.000000000000      0.000000000007      0.000019689428      0.000019689428
      0.000000000000      0.002510062968      0.000024269773      0.000024269773      0.000019724235      0.000000000000      0.000000000007      0.000019054091      0.000019054091
      0.000000000000      0.002457901260      0.000023765422      0.000023765422      0.000018771656      0.000000000000      0.000000000007      0.000018439256      0.000018439256
      0.000000000000      0.002406823527      0.000023271552      0.000023271552      0.000017865082      0.000000000000      0.000000000007      0.000017844259      0.000017844259
      0.000000000000      0.002356807242      0.000022787945      0.000022787945      0.000017002290      0.000000000000      0.000000000007      0.000017268462      0.000017268462
      0.000000000000      0.002307830347      0.000022314388      0.000022314388      0.000016181167      0.000000000000      0.000000000006      0.000016711245      0.000016711245
      0.000000000000      0.002259871243      0.000021850671      0.000021850671      0.000015399700      0.000000000000      0.000000000006      0.000016172008      0.000016172008
      0.000000000000      0.002212908779      0.000021396592      0.000021396592      0.000014655974      0.000000000000      0.000000000006      0.000015650171      0.000015650171
      0.000000000000      0.002166922243      0.000020951949      0.000020951949      0.000013948166      0.000000000000      0.000000000006      0.000015145173      0.000015145173
      0.000000000000      0.002121891355      0.000020516545      0.000020516545      0.000013274542      0.000000000000      0.000000000006      0.000014656470      0.000014656470
      0.000000000000      0.002077796256      0.000020090190      0.000020090190      0.000012633450      0.000000000000      0.000000000006      0.000014183536      0.000014183536
      0.000000000000      0.002034617498      0.000019672695      0.000019672695      0.000012023320      0.000000000000      0.000000000006      0.000013725863      0.000013725863
      0.000000000000      0.001992336040      0.000019263876      0.000019263876      0.000011442655      0.000000000000      0.000000000006      0.000013282958      0.000013282958
      0.000000000000      0.001950933234      0.000018863553      0.000018863553      0.000010890034      0.000000000000      0.000000000005      0.000012854345      0.000012854345
      0.000000000000      0.001910390821      0.000018471549      0.000018471549      0.000010364102      0.000000000000      0.000000000005      0.000012439562      0.000012439562
      0.000000000000      0.001870690922      0.000018087691      0.000018087691      0.000009863569      0.000000000000      0.000000000005      0.000012038163      0.000012038163
      0.000000000000      0.001831816027      0.000017711810      0.000017711810      0.000009387209      0.000000000000      0.000000000005      0.000011649717      0.000011649717
      0.000000000000      0.001793748994      0.000017343740      0.000017343740      0.000008933856      0.000000000000      0.000000000005      0.000011273805      0.000011273805
      0.000000000000      0.001756473032      0.000016983319      0.000016983319      0.000008502396      0.000000000000      0.000000000005      0.000010910022      0.000010910022
      0.000000000000      0.001719971704      0.000016630388      0.000016630388      0.000008091775      0.000000000000      0.000000000005      0.000010557979      0.000010557979
      0.000000000000      0.001684228911      0.000016284792      0.000016284792      0.000007700984      0.000000000000      0.000000000005      0.000010217295      0.000010217295
      0.000000000000      0.001649228890      0.000015946377      0.000015946377      0.000007329066      0.000000000000      0.000000000005      0.000009887604      0.000009887604
      0.000000000000      0.001614956206      0.000015614995      0.000015614995      0.000006975110      0.000000000000      0.000000000005      0.000009568552      0.000009568552
      0.000000000000      0.001581395744      0.000015290499      0.000015290499      0.000006638248      0.000000000000      0.000000000004      0.000009259794      0.000009259794
      0.000000000000      0.001548532703      0.000014972747      0.000014972747      0.000006317655      0.000000000000      0.000000000004      0.000008961000      0.000008961000
      0.000000000000      0.001516352590      0.000014661597      0.000014661597      0.000006012545      0.000000000000      0.000000000004      0.000008671847      0.000008671847
      0.000000000000      0.001484841213      0.000014356914      0.000014356914      0.000005722170      0.000000000000      0.000000000004      0.000008392025      0.000008392025
      0.000000000000      0.001453984676      0.000014058563      0.000014058563      0.000005445818      0.000000000000      0.000000000004      0.000008121232      0.000008121232
      0.000000000000      0.001423769368      0.000013766411      0.000013766411      0.000005182814      0.000000000000      0.000000000004      0.000007859177      0.000007859177
      0.000000000000      0.001394181967      0.000013480331      0.000013480331      0.000004932510      0.000000000000      0.000000000004      0.000007605577      0.000007605577
      0.000000000000      0.001365209422      0.000013200196      0.000013200196      0.000004694296      0.000000000000      0.000000000004      0.000007360161      0.000007360161
      0.000000000000      0.001336838957      0.000012925882      0.000012925882      0.000004467585      0.000000000000      0.000000000004      0.000007122664      0.000007122664
      0.000000000000      0.001309058059      0.000012657269      0.000012657269      0.000004251824      0.000000000000      0.000000000004      0.000006892831      0.000006892831
      0.000000000000      0.001281854477      0.000012394238      0.000012394238      0.000004046483      0.000000000000      0.000000000004      0.000006670413      0.000006670413
      0.000000000000      0.001255216214      0.000012136672      0.000012136672      0.000003851059      0.000000000000      0.000000000004      0.000006455173      0.000006455173
      0.000000000000      0.001229131521      0.000011884460      0.000011884460      0.000003665072      0.000000000000      0.000000000003      0.000006246878      0.000006246878
      0.000000000000      0.001203588895      0.000011637488      0.000011637488      0.000003488068      0.000000000000      0.000000000003      0.000006045304      0.000006045304
      0.000000000000      0.001178577072      0.000011395649      0.000011395649      0.000003319612      0.000000000000      0.000000000003      0.000005850235      0.000005850235
      0.000000000000      0.001154085020      0.000011158836      0.000011158836      0.000003159292      0.000000000000      0.000000000003      0.000005661460      0.000005661460
      0.000000000000      0.001130101938      0.000010926944      0.000010926944      0.000003006715      0.000000000000      0.000000000003      0.000005478777      0.000005478777
      0.000000000000      0.001106617250      0.000010699871      0.000010699871      0.000002861506      0.000000000000      0.000000000003      0.000005301988      0.000005301988
      0.000000000000      0.001083620598      0.000010477516      0.000010477516      0.000002723310      0.000000000000      0.000000000003      0.000005130904      0.000005130904
      0.000000000000      0.001061101840      0.000010259783      0.000010259783      0.000002591788      0.000000000000      0.000000000003      0.000004965340      0.000004965340
      0.000000000000      0.001039051045      0.000010046574      0.000010046574      0.000002466618      0.000000000000      0.000000000003      0.000004805119      0.000004805119
      0.000000000000      0.001017458488      0.000009837795      0.000009837795      0.000002347493      0.000000000000      0.000000000003      0.000004650068      0.000004650068
      0.000000000000      0.000996314647      0.000009633356      0.000009633356      0.000002234121      0.000000000000      0.000000000003      0.000004500020      0.000004500020
      0.000000000000      0.000975610197      0.000009433165      0.000009433165      0.000002126225      0.000000000000      0.000000000003      0.000004354814      0.000004354814
      0.000000000000      0.000955336007      0.000009237134      0.000009237134      0.000002023539      0.000000000000      0.000000000003      0.000004214293      0.000004214293
      0.000000000000      0.000935483136      0.000009045177      0.000009045177      0.000001925813      0.000000000000      0.000000000003      0.000004078307      0.000004078307
      0.000000000000      0.000916042828      0.000008857209      0.000008857209      0.000001832806      0.000000000000      0.000000000003      0.000003946708      0.000003946708
      0.000000000000      0.000897006509      0.000008673147      0.000008673147      0.000001744291      0.000000000000      0.000000000003      0.000003819356      0.000003819356
      0.000000000000      0.000878365785      0.000008492910      0.000008492910      0.000001660051      0.000000000000      0.000000000002      0.000003696113      0.000003696113
      0.000000000000      0.000860112435      0.000008316418      0.000008316418      0.000001579879      0.000000000000      0.000000000002      0.000003576848      0.000003576848
      0.000000000000      0.000842238408      0.000008143594      0.000008143594      0.000001503579      0.000000000000      0.000000000002      0.000003461430      0.000003461430
      0.000000000000      0.000824735821      0.000007974362      0.000007974362      0.000001430964      0.000000000000      0.000000000002      0.000003349737      0.000003349737
      0.000000000000      0.000807596957      0.000007808647      0.000007808647      0.000001361855      0.000000000000      0.000000000002      0.000003241648      0.000003241648
      0.000000000000      0.000790814256      0.000007646375      0.000007646375      0.000001296085      0.000000000000      0.000000000002      0.000003137047      0.000003137047
      0.000000000000      0.000774380317      0.000007487475      0.000007487475      0.000001233491      0.000000000000      0.000000000002      0.000003035821      0.000003035821
      0.000000000000      0.000758287892      0.000007331878      0.000007331878      0.000001173919      0.000000000000      0.000000000002      0.000002937861      0.000002937861
      0.000000000000      0.000742529885      0.000007179514      0.000007179514      0.000001117225      0.000000000000      0.000000000002      0.000002843063      0.000002843063
      0.000000000000      0.000727099345      0.000007030316      0.000007030316      0.000001063269      0.000000000000      0.000000000002      0.000002751323      0.000002751323
      0.000000000000      0.000711989468      0.000006884219      0.000006884219      0.000001011919      0.000000000000      0.000000000002      0.000002662543      0.000002662543
      0.000000000000      0.000697193589      0.000006741158      0.000006741158      0.000000963048      0.000000000000      0.000000000002      0.000002576629      0.000002576629
      0.000000000000      0.000682705185      0.000006601069      0.000006601069      0.000000916538      0.000000000000      0.000000000002      0.000002493486      0.000002493486
      0.000000000000      0.000668517864      0.000006463892      0.000006463892      0.000000872274      0.000000000000      0.000000000002      0.000002413027      0.000002413027
      0.000000000000      0.000654625370      0.000006329566      0.000006329566      0.000000830147      0.000000000000      0.000000000002      0.000002335163      0.000002335163
      0.000000000000      0.000641021577      0.000006198031      0.000006198031      0.000000790056      0.000000000000      0.000000000002      0.000002259813      0.000002259813
      0.000000000000      0.000627700485      0.000006069229      0.000006069229      0.000000751900      0.000000000000      0.000000000002      0.000002186893      0.000002186893
      0.000000000000      0.000614656219      0.000005943105      0.000005943105      0.000000715587      0.000000000000      0.000000000002      0.000002116327      0.000002116327
      0.000000000000      0.000601883027      0.000005819601      0.000005819601      0.000000681028      0.000000000000      0.000000000002      0.000002048037      0.000002048037
      0.000000000000      0.000589375274      0.000005698663      0.000005698663      0.000000648138      0.000000000000      0.000000000002      0.000001981951      0.000001981951
      0.000000000000      0.000577127446      0.000005580239      0.000005580239      0.000000616836      0.000000000000      0.000000000002      0.000001917998      0.000001917998
      0.000000000000      0.000565134140      0.000005464276      0.000005464276      0.000000587046      0.000000000000      0.000000000002      0.000001856108      0.000001856108
      0.000000000000      0.000553390067      0.000005350723      0.000005350723      0.000000558695      0.000000000000      0.000000000002      0.000001796215      0.000001796215
      0.000000000000      0.000541890049      0.000005239529      0.000005239529      0.000000531713      0.000000000000      0.000000000002      0.000001738255      0.000001738255
      0.000000000000      0.000530629012      0.000005130646      0.000005130646      0.000000506034      0.000000000000      0.000000000001      0.000001682165      0.000001682165
      0.000000000000      0.000519601992      0.000005024026      0.000005024026      0.000000481595      0.000000000000      0.000000000001      0.000001627885      0.000001627885
      0.000000000000      0.000508804125      0.000004919622      0.000004919622      0.000000458336      0.000000000000      0.000000000001      0.000001575357      0.000001575357
      0.000000000000      0.000498230648      0.000004817387      0.000004817387      0.000000436201      0.000000000000      0.000000000001      0.000001524523      0.000001524523
      0.000000000000      0.000487876899      0.000004717277      0.000004717277      0.000000415135      0.000000000000      0.000000000001      0.000001475330      0.000001475330
      0.000000000000      0.000477738312      0.000004619247      0.000004619247      0.000000395086      0.000000000000      0.000000000001      0.000001427724      0.000001427724
      0.000000000000      0.000467810415      0.000004523254      0.000004523254      0.000000376005      0.000000000000      0.000000000001      0.000001381655      0.000001381655
      0.000000000000      0.000458088831      0.000004429256      0.000004429256      0.000000357846      0.000000000000      0.000000000001      0.000001337072      0.000001337072
      0.000000000000      0.000448569270      0.000004337212      0.000004337212      0.000000340564      0.000000000000      0.000000000001      0.000001293927      0.000001293927
      0.000000000000      0.000439247536      0.000004247080      0.000004247080      0.000000324117      0.000000000000      0.000000000001      0.000001252175      0.000001252175
      0.000000000000      0.000430119518      0.000004158821      0.000004158821      0.000000308463      0.000000000000      0.000000000001      0.000001211770      0.000001211770
      0.000000000000      0.000421181189      0.000004072397      0.000004072397      0.000000293566      0.000000000000      0.000000000001      0.000001172668      0.000001172668
      0.000000000000      0.000412428608      0.000003987768      0.000003987768      0.000000279389      0.000000000000      0.000000000001      0.000001134829      0.000001134829
      0.000000000000      0.000403857914      0.000003904898      0.000003904898      0.000000265895      0.000000000000      0.000000000001      0.000001098210      0.000001098210
      0.000000000000      0.000395465329      0.000003823750      0.000003823750      0.000000253054      0.000000000000      0.000000000001      0.000001062773      0.000001062773
      0.000000000000      0.000387247150      0.000003744289      0.000003744289      0.000000240833      0.000000000000      0.000000000001      0.000001028480      0.000001028480
      0.000000000000      0.000379199753      0.000003666478      0.000003666478      0.000000229202      0.000000000000      0.000000000001      0.000000995293      0.000000995293
      0.000000000000      0.000371319589      0.000003590285      0.000003590285      0.000000218133      0.000000000000      0.000000000001      0.000000963177      0.000000963177
      0.000000000000      0.000363603184      0.000003515675      0.000003515675      0.000000207598      0.000000000000      0.000000000001      0.000000932097      0.000000932097
      0.000000000000      0.000356047133      0.000003442616      0.000003442616      0.000000197572      0.000000000000      0.000000000001      0.000000902020      0.000000902020
      0.000000000000      0.000348648105      0.000003371075      0.000003371075      0.000000188030      0.000000000000      0.000000000001      0.000000872914      0.000000872914
      0.000000000000      0.000341402836      0.000003301020      0.000003301020      0.000000178949      0.000000000000      0.000000000001      0.000000844747      0.000000844747
      0.000000000000      0.000334308132      0.000003232422      0.000003232422      0.000000170307      0.000000000000      0.000000000001      0.000000817489      0.000000817489
      0.000000000000      0.000327360863      0.000003165249      0.000003165249      0.000000162082      0.000000000000      0.000000000001      0.000000791110      0.000000791110
      0.000000000000      0.000320557965      0.000003099472      0.000003099472      0.000000154254      0.000000000000      0.000000000001      0.000000765583      0.000000765583
      0.000000000000      0.000313896439      0.000003035061      0.000003035061      0.000000146805      0.000000000000      0.000000000001      0.000000740879      0.000000740879
      0.000000000000      0.000307373346      0.000002971990      0.000002971990      0.000000139715      0.000000000000      0.000000000001      0.000000716972      0.000000716972
      0.000000000000      0.000300985809      0.000002910229      0.000002910229      0.000000132967      0.000000000000      0.000000000001      0.000000693837      0.000000693837
      0.000000000000      0.000294731013      0.000002849751      0.000002849751      0.000000126546      0.000000000000      0.000000000001      0.000000671448      0.000000671448
      0.000000000000      0.000288606197      0.000002790530      0.000002790530      0.000000120434      0.000000000000      0.000000000001      0.000000649782      0.000000649782
      0.000000000000      0.000282608661      0.000002732540      0.000002732540      0.000000114618      0.000000000000      0.000000000001      0.000000628815      0.000000628815
      0.000000000000      0.000276735761      0.000002675755      0.000002675755      0.000000109082      0.000000000000      0.000000000001      0.000000608524      0.000000608524
      0.000000000000      0.000270984905      0.000002620150      0.000002620150      0.000000103814      0.000000000000      0.000000000001      0.000000588889      0.000000588889
      0.000000000000      0.000265353558      0.000002565701      0.000002565701      0.000000098801      0.000000000000      0.000000000001      0.000000569886      0.000000569886
      0.000000000000      0.000259839236      0.000002512383      0.000002512383      0.000000094029      0.000000000000      0.000000000001      0.000000551497      0.000000551497
      0.000000000000      0.000254439508      0.000002460173      0.000002460173      0.000000089488      0.000000000000      0.000000000001      0.000000533702      0.000000533702
      0.000000000000      0.000249151992      0.000002409048      0.000002409048      0.000000085166      0.000000000000      0.000000000001      0.000000516480      0.000000516480
      0.000000000000      0.000243974355      0.000002358985      0.000002358985      0.000000081053      0.000000000000      0.000000000001      0.000000499815      0.000000499815
      0.000000000000      0.000238904316      0.000002309963      0.000002309963      0.000000077139      0.000000000000      0.000000000001      0.000000483687      0.000000483687
      0.000000000000      0.000233939637      0.000002261960      0.000002261960      0.000000073413      0.000000000000      0.000000000001      0.000000468079      0.000000468079
      0.000000000000      0.000229078129      0.000002214954      0.000002214954      0.000000069868      0.000000000000      0.000000000001      0.000000452975      0.000000452975
      0.000000000000      0.000224317648      0.000002168925      0.000002168925      0.000000066493      0.000000000000      0.000000000001      0.000000438359      0.000000438359
      0.000000000000      0.000219656095      0.000002123852      0.000002123852      0.000000063282      0.000000000000      0.000000000001      0.000000424214      0.000000424214
      0.000000000000      0.000215091414      0.000002079717      0.000002079717      0.000000060226      0.000000000000      0.000000000001      0.000000410525      0.000000410525
      0.000000000000      0.000210621592      0.000002036498      0.000002036498      0.000000057317      0.000000000000      0.000000000001      0.000000397278      0.000000397278
      0.000000000000      0.000206244657      0.000001994177      0.000001994177      0.000000054549      0.000000000000      0.000000000001      0.000000384459      0.000000384459
      0.000000000000      0.000201958679      0.000001952736      0.000001952736      0.000000051915      0.000000000000      0.000000000001      0.000000372053      0.000000372053
      0.000000000000      0.000197761769      0.000001912156      0.000001912156      0.000000049408      0.000000000000      0.000000000001      0.000000360048      0.000000360048
      0.000000000000      0.000193652074      0.000001872420      0.000001872420      0.000000047021      0.000000000000      0.000000000001      0.000000348430      0.000000348430
      0.000000000000      0.000189627784      0.000001833509      0.000001833509      0.000000044751      0.000000000000      0.000000000001      0.000000337187      0.000000337187
      0.000000000000      0.000185687122      0.000001795407      0.000001795407      0.000000042589      0.000000000000      0.000000000001      0.000000326307      0.000000326307
      0.000000000000      0.000181828352      0.000001758096      0.000001758096      0.000000040532      0.000000000000      0.000000000001      0.000000315777      0.000000315777
      0.000000000000      0.000178049770      0.000001721561      0.000001721561      0.000000038575      0.000000000000      0.000000000001      0.000000305588      0.000000305588
      0.000000000000      0.000174349712      0.000001685786      0.000001685786      0.000000036712      0.000000000000      0.000000000000      0.000000295727      0.000000295727
      0.000000000000      0.000170726544      0.000001650753      0.000001650753      0.000000034939      0.000000000000      0.000000000000      0.000000286185      0.000000286185
      0.000000000000      0.000167178670      0.000001616449      0.000001616449      0.000000033252      0.000000000000      0.000000000000      0.000000276950      0.000000276950
      0.000000000000      0.000163704524      0.000001582857      0.000001582857      0.000000031646      0.000000000000      0.000000000000      0.000000268013      0.000000268013
      0.000000000000      0.000160302574      0.000001549964      0.000001549964      0.000000030117      0.000000000000      0.000000000000      0.000000259365      0.000000259365
      0.000000000000      0.000156971321      0.000001517754      0.000001517754      0.000000028663      0.000000000000      0.000000000000      0.000000250996      0.000000250996
      0.000000000000      0.000153709294      0.000001486214      0.000001486214      0.000000027279      0.000000000000      0.000000000000      0.000000242897      0.000000242897
      0.000000000000      0.000150515056      0.000001455329      0.000001455329      0.000000025961      0.000000000000      0.000000000000      0.000000235059      0.000000235059
      0.000000000000      0.000147387197      0.000001425085      0.000001425085      0.000000024707      0.000000000000      0.000000000000      0.000000227474      0.000000227474
      0.000000000000      0.000144324339      0.000001395471      0.000001395471      0.000000023514      0.000000000000      0.000000000000      0.000000220134      0.000000220134
      0.000000000000      0.000141325129      0.000001366471      0.000001366471      0.000000022379      0.000000000000      0.000000000000      0.000000213031      0.000000213031
      0.000000000000      0.000138388247      0.000001338075      0.000001338075      0.000000021298      0.000000000000      0.000000000000      0.000000206157      0.000000206157
      0.000000000000      0.000135512396      0.000001310268      0.000001310268      0.000000020269      0.000000000000      0.000000000000      0.000000199505      0.000000199505
      0.000000000000      0.000132696308      0.000001283039      0.000001283039      0.000000019290      0.000000000000      0.000000000000      0.000000193067      0.000000193067
      0.000000000000      0.000129938741      0.000001256376      0.000001256376      0.000000018359      0.000000000000      0.000000000000      0.000000186837      0.000000186837
      0.000000000000      0.000127238480      0.000001230268      0.000001230268      0.000000017472      0.000000000000      0.000000000000      0.000000180808      0.000000180808
      0.000000000000      0.000124594332      0.000001204701      0.000001204701      0.000000016628      0.000000000000      0.000000000000      0.000000174974      0.000000174974
      0.000000000000      0.000122005133      0.000001179666      0.000001179666      0.000000015825      0.000000000000      0.000000000000      0.000000169328      0.000000169328
      0.000000000000      0.000119469740      0.000001155152      0.000001155152      0.000000015061      0.000000000000      0.000000000000      0.000000163864      0.000000163864
      0.000000000000      0.000116987035      0.000001131146      0.000001131146      0.000000014334      0.000000000000      0.000000000000      0.000000158577      0.000000158577
      0.000000000000      0.000114555923      0.000001107640      0.000001107640      0.000000013641      0.000000000000      0.000000000000      0.000000153460      0.000000153460
      0.000000000000      0.000112175333      0.000001084622      0.000001084622      0.000000012983      0.000000000000      0.000000000000      0.000000148508      0.000000148508
      0.000000000000      0.000109844213      0.000001062083      0.000001062083      0.000000012356      0.000000000000      0.000000000000      0.000000143716      0.000000143716
      0.000000000000      0.000107561537      0.000001040011      0.000001040011      0.000000011759      0.000000000000      0.000000000000      0.000000139078      0.000000139078
      0.000000000000      0.000105326297      0.000001018399      0.000001018399      0.000000011191      0.000000000000      0.000000000000      0.000000134591      0.000000134591
      0.000000000000      0.000103137507      0.000000997235      0.000000997235      0.000000010650      0.000000000000      0.000000000000      0.000000130248      0.000000130248
      0.000000000000      0.000100994203      0.000000976512      0.000000976512      0.000000010136      0.000000000000      0.000000000000      0.000000126045      0.000000126045
      0.000000000000      0.000098895439      0.000000956219      0.000000956219      0.000000009647      0.000000000000      0.000000000000      0.000000121978      0.000000121978
      0.000000000000      0.000096840289      0.000000936348      0.000000936348      0.000000009181      0.000000000000      0.000000000000      0.000000118042      0.000000118042
      0.000000000000      0.000094827848      0.000000916889      0.000000916889      0.000000008737      0.000000000000      0.000000000000      0.000000114233      0.000000114233
      0.000000000000      0.000092857227      0.000000897836      0.000000897836      0.000000008315      0.000000000000      0.000000000000      0.000000110547      0.000000110547
      0.000000000000      0.000090927558      0.000000879178      0.000000879178      0.000000007914      0.000000000000      0.000000000000      0.000000106979      0.000000106979
      0.000000000000      0.000089037989      0.000000860907      0.000000860907      0.000000007532      0.000000000000      0.000000000000      0.000000103527      0.000000103527
      0.000000000000      0.000087187687      0.000000843017      0.000000843017      0.000000007168      0.000000000000      0.000000000000      0.000000100187      0.000000100187
      0.000000000000      0.000085375837      0.000000825498      0.000000825498      0.000000006822      0.000000000000      0.000000000000      0.000000096954      0.000000096954
      0.000000000000      0.000083601638      0.000000808343      0.000000808343      0.000000006492      0.000000000000      0.000000000000      0.000000093826      0.000000093826
      0.000000000000      0.000081864310      0.000000791545      0.000000791545      0.000000006179      0.000000000000      0.000000000000      0.000000090798      0.000000090798
      0.000000000000      0.000080163085      0.000000775096      0.000000775096      0.000000005880      0.000000000000      0.000000000000      0.000000087868      0.000000087868
      0.000000000000      0.000078497213      0.000000758989      0.000000758989      0.000000005596      0.000000000000      0.000000000000      0.000000085033      0.000000085033
      0.000000000000      0.000076865959      0.000000743216      0.000000743216      0.000000005326      0.000000000000      0.000000000000      0.000000082289      0.000000082289
